NavierStokes-V1.1
7
x_velocity
y_velocity
density
tracer
mag_vort
diveru
avg_pressure
2
0.408762603219218
1
0 0 
1 2 
2 
((0,0) (63,127) (0,0)) ((0,0) (127,255) (0,0)) 
30 60 
0.015625 0.015625 
0.0078125 0.0078125 
1
0
0 32 0.408762603219218
30
0 0.25
0 0.25
0.75 1
0 0.25
0.5 0.75
0 0.25
0.25 0.5
0 0.25
0 0.25
1.75 2
0 0.25
1.5 1.75
0 0.25
1.25 1.5
0 0.25
1 1.25
0 0.25
0.75 1
0 0.25
0.5 0.75
0 0.25
0.25 0.5
0.75 1
1.75 2
0.75 1
1.5 1.75
0.75 1
1.25 1.5
0.75 1
1 1.25
0.75 1
0.75 1
0.75 1
0.5 0.75
0.75 1
0.25 0.5
0.5 0.75
1.75 2
0.5 0.75
1.5 1.75
0.5 0.75
1.25 1.5
0.5 0.75
1 1.25
0.5 0.75
0.75 1
0.5 0.75
0.5 0.75
0.5 0.75
0.25 0.5
0.25 0.5
1.75 2
0.25 0.5
1.5 1.75
0.25 0.5
1.25 1.5
0.25 0.5
1 1.25
0.25 0.5
0.75 1
0.25 0.5
0.5 0.75
0.25 0.5
0.25 0.5
Level_0/Cell
1 8 0.408762603219218
60
0 0.125
1.03125 1.125
0.125 0.25
1.03125 1.125
0 0.125
1.3125 1.4375
0 0.125
1.21875 1.3125
0 0.125
1.125 1.21875
0.125 0.25
1.3125 1.4375
0.125 0.25
1.21875 1.3125
0.125 0.25
1.125 1.21875
Level_1/Cell
