1
1
5
0
(4 0
((0,0) (15,15) (0,0))
((0,16) (15,31) (0,0))
((16,0) (31,15) (0,0))
((16,16) (31,31) (0,0))
)
4
FabOnDisk: Cell_D_00000 0
FabOnDisk: Cell_D_00002 0
FabOnDisk: Cell_D_00001 0
FabOnDisk: Cell_D_00003 0

4,5
-1.0256620037542490e+00,-1.8351530351348905e-01,9.9999999934227490e-01,-3.6054951856867457e-03,-1.6825461024465561e+01,
-9.9608502196356530e-01,-1.9234555637326547e-01,9.9999999921530247e-01,-4.8327645272133145e-03,-5.6729044535749660e+00,
-1.0253167840681738e+00,-1.0254350578290428e+00,9.9999999928666494e-01,-1.3776425886463032e-02,-1.7213935281106764e+01,
-1.0283998835517869e+00,-1.0180844483087803e+00,9.9999999913154025e-01,-1.0774269034980824e-03,-6.2435159584751876e+00,

4,5
9.9979089207646177e-01,9.9375774787190341e-01,1.0000000005952467e+00,4.4931938193849030e-01,6.0620185410128347e+00,
1.0336395159090646e+00,1.0098326198775280e+00,1.0000000004858653e+00,1.0005698193998920e+00,1.7006907755971831e+01,
1.0271854393522932e+00,2.1789413559444745e-01,1.0000000006104026e+00,1.0148543429337673e+00,6.3952414827971813e+00,
1.0226819553464179e+00,2.0932982192162200e-01,1.0000000006233500e+00,1.0066816988841534e+00,1.7524449473211281e+01,

