1
1
7
0
(32 0
((0,0) (15,15) (0,0))
((48,0) (63,15) (0,0))
((32,0) (47,15) (0,0))
((16,0) (31,15) (0,0))
((0,112) (15,127) (0,0))
((0,96) (15,111) (0,0))
((0,80) (15,95) (0,0))
((0,64) (15,79) (0,0))
((0,48) (15,63) (0,0))
((0,32) (15,47) (0,0))
((0,16) (15,31) (0,0))
((48,112) (63,127) (0,0))
((48,96) (63,111) (0,0))
((48,80) (63,95) (0,0))
((48,64) (63,79) (0,0))
((48,48) (63,63) (0,0))
((48,32) (63,47) (0,0))
((48,16) (63,31) (0,0))
((32,112) (47,127) (0,0))
((32,96) (47,111) (0,0))
((32,80) (47,95) (0,0))
((32,64) (47,79) (0,0))
((32,48) (47,63) (0,0))
((32,32) (47,47) (0,0))
((32,16) (47,31) (0,0))
((16,112) (31,127) (0,0))
((16,96) (31,111) (0,0))
((16,80) (31,95) (0,0))
((16,64) (31,79) (0,0))
((16,48) (31,63) (0,0))
((16,32) (31,47) (0,0))
((16,16) (31,31) (0,0))
)
32
FabOnDisk: Cell_D_00000 0
FabOnDisk: Cell_D_00000 14418
FabOnDisk: Cell_D_00000 28837
FabOnDisk: Cell_D_00000 43256
FabOnDisk: Cell_D_00003 0
FabOnDisk: Cell_D_00003 14421
FabOnDisk: Cell_D_00002 0
FabOnDisk: Cell_D_00002 14419
FabOnDisk: Cell_D_00001 0
FabOnDisk: Cell_D_00001 14419
FabOnDisk: Cell_D_00000 57675
FabOnDisk: Cell_D_00003 28841
FabOnDisk: Cell_D_00003 43263
FabOnDisk: Cell_D_00002 28838
FabOnDisk: Cell_D_00002 43258
FabOnDisk: Cell_D_00001 28838
FabOnDisk: Cell_D_00001 43258
FabOnDisk: Cell_D_00000 72094
FabOnDisk: Cell_D_00003 57684
FabOnDisk: Cell_D_00003 72106
FabOnDisk: Cell_D_00002 57678
FabOnDisk: Cell_D_00002 72098
FabOnDisk: Cell_D_00001 57678
FabOnDisk: Cell_D_00001 72098
FabOnDisk: Cell_D_00000 86514
FabOnDisk: Cell_D_00003 86527
FabOnDisk: Cell_D_00003 100949
FabOnDisk: Cell_D_00002 86518
FabOnDisk: Cell_D_00002 100938
FabOnDisk: Cell_D_00001 86518
FabOnDisk: Cell_D_00001 100938
FabOnDisk: Cell_D_00000 100934

32,7
4.4938585922617557e-04,-1.7019370368717510e-02,9.9999999879270018e-01,0.0000000000000000e+00,-8.1595911739834950e-04,-5.8703198006101256e-02,7.5423262289743738e+00,
1.3941712576526503e-04,9.0562985632220580e-05,9.9999999897890235e-01,0.0000000000000000e+00,-3.1306894907910730e-06,-8.0085934564299993e-03,7.5012778256035038e+00,
4.7497173535632296e-03,-2.3959732279079543e-03,9.9999999905554193e-01,0.0000000000000000e+00,-3.7917003130674698e-05,-2.2003805504045681e-02,7.5064649045314660e+00,
6.2929707006357145e-03,-1.1534759522503468e-02,9.9999999879128343e-01,0.0000000000000000e+00,-1.1051281575208405e-04,-3.9543366646921596e-02,7.5218110515179006e+00,
-5.2323536992244360e-02,-1.0526973412483451e-01,9.9999999874358314e-01,0.0000000000000000e+00,-3.4506602462490432e-03,9.5033908929415212e-02,-9.7277197028058691e+00,
-2.0829038834872868e-01,-6.4016851521857132e-01,1.0000178679152343e+00,-2.3571808955255631e-09,-8.1032550741017007e-05,2.3326155546474237e-01,-7.2659457612255327e+00,
-7.4911586571483613e-01,-2.0561698029272470e+00,1.0001758682391637e+00,-9.2457941879053493e-06,-2.0367646655047982e+00,-7.8114223959223850e-01,-4.8076368350255008e+00,
-7.9596474884498114e-01,-2.3251827318328764e+00,1.0001651647695566e+00,-3.5573177891530033e-03,-4.6941017257489319e+00,-5.4823934835751356e+00,-3.5572428798283839e+00,
-6.5891921834191902e-03,-1.5002965176332292e+00,9.9999999401245809e-01,0.0000000000000000e+00,-2.0338978231154408e+00,-8.1012554218091495e+00,1.0674525969496476e-01,
2.9439141718560187e-03,-2.9625785792570197e-01,9.9999999809509454e-01,0.0000000000000000e+00,-4.9695628973254358e-02,-1.3014158162743290e+00,2.7999246121073114e+00,
8.1209536281119925e-04,-6.3840141211841409e-02,9.9999999851585064e-01,0.0000000000000000e+00,-4.6103334687380704e-03,-2.0619579696831170e-01,5.1340417496497057e+00,
-1.4825309237488433e-02,2.9937362196467922e-04,9.9999999988166410e-01,0.0000000000000000e+00,-4.9940799981961913e-06,3.4860777284547589e-04,-9.7550297928709178e+00,
-1.7924041172672218e-02,1.1166869058717499e-02,9.9999999975947929e-01,0.0000000000000000e+00,-5.0367420287988495e-06,4.3282861533890105e-04,-7.3064475150048800e+00,
-1.7882717434312245e-02,2.7061876683701573e-02,9.9999999979006560e-01,0.0000000000000000e+00,-2.0219332279769464e-04,2.8595163424970788e-04,-4.8627698917093518e+00,
-8.3414726585694585e-03,3.7337578536445225e-02,9.9999999975951370e-01,0.0000000000000000e+00,-3.6099518681936837e-04,-1.4169389388147380e-02,-2.4105952322138906e+00,
2.5923818443523625e-04,2.5180815950484891e-02,9.9999999992334920e-01,0.0000000000000000e+00,-1.7188449394062166e-04,-2.3150879585327688e-02,7.3490462002406873e-02,
3.2412928962789641e-04,1.0423495814679872e-02,9.9999999985521715e-01,0.0000000000000000e+00,-6.5502513646609889e-06,-2.2648080403794013e-02,2.5627174741344527e+00,
1.9017779511522846e-04,3.5201624851070867e-03,9.9999999984880250e-01,0.0000000000000000e+00,-6.2747267311457624e-06,-1.4772595955238943e-02,5.0383406935704738e+00,
-3.5196548002146243e-02,-1.0446218060747997e-03,9.9999999894825065e-01,0.0000000000000000e+00,-2.4295973105725038e-06,1.8008833473881089e-02,-9.7531843063331181e+00,
-6.1607406418919201e-02,8.6720298094407011e-05,9.9999999990462529e-01,0.0000000000000000e+00,9.0293576192279623e-05,2.1857363047046940e-02,-7.3059886665781075e+00,
-6.9172550865770760e-02,2.1515036763175580e-02,9.9999999988212740e-01,0.0000000000000000e+00,-5.1330907551749849e-04,1.4429826687757052e-02,-4.8757855784931383e+00,
-4.7052400438772873e-02,4.5407203475706676e-02,9.9999999945455997e-01,0.0000000000000000e+00,-4.7400910734171076e-03,-1.1721115579257235e-01,-2.4843325573324697e+00,
1.2777022600386663e-02,1.1938139970124868e-02,9.9999999978282783e-01,0.0000000000000000e+00,-4.1225233724961896e-04,-1.4581339850577080e-01,5.1399078930458961e-02,
1.2513304064862982e-02,-3.6995202743659032e-03,9.9999999997382849e-01,0.0000000000000000e+00,1.7237854430751653e-05,-1.1353412377232236e-01,2.5697343300569351e+00,
6.7173378951367168e-03,-3.8999676642465968e-03,9.9999999997646172e-01,0.0000000000000000e+00,-4.7220767404737574e-05,-5.0484305858481779e-02,5.0462918836939377e+00,
-5.2227370255864797e-02,-3.9645751346293064e-02,9.9999999735432776e-01,0.0000000000000000e+00,-3.7895254887898577e-04,5.2345948522535331e-02,-9.7449357416056834e+00,
-1.7202827272201604e-01,-7.9341220498293785e-02,1.0000000005120737e+00,-4.5352528097828599e-16,1.9423577715077522e-04,7.7023722098490205e-02,-7.2985267175497111e+00,
-5.4299456844749783e-01,-8.2557381530147189e-02,1.0000000007975636e+00,-2.1309823926669734e-08,9.7653755437576706e-06,1.2357581377408944e-01,-4.8762936129670003e+00,
-6.0432436032762560e-01,8.8064052375059765e-02,9.9999999930471062e-01,-5.4863866938768096e-07,-1.4022847987570053e-01,-2.3488467856817454e+00,-2.9994655705887503e+00,
6.4536364436923080e-02,-1.2769050099982404e-01,9.9999999975130160e-01,-2.5590058503078513e-26,-1.5993158486409031e-02,-2.3668095089071342e+00,3.2277465132084349e-02,
2.8146009173516506e-02,-1.0098149667442771e-01,9.9999999997089395e-01,0.0000000000000000e+00,-3.7823337405096247e-03,-5.0805631563001841e-01,2.6128851200402536e+00,
1.0760198449358124e-02,-3.6974261945345220e-02,9.9999999997407618e-01,0.0000000000000000e+00,-6.5515069297850115e-04,-1.2013194474748323e-01,5.0762775471272805e+00,

32,7
9.7883269216300414e-03,-3.3136899708918164e-04,1.0000000019704598e+00,0.0000000000000000e+00,4.1047352110779728e-04,-1.9315351753137561e-02,9.8354948702944540e+00,
6.0899472353749600e-03,4.7853314415655631e-03,1.0000000011231434e+00,0.0000000000000000e+00,6.4895580132451336e-06,-1.1902195856035303e-04,9.8052712274700156e+00,
1.1185070728171220e-02,3.0261755279050407e-03,1.0000000002260823e+00,0.0000000000000000e+00,4.2918879905040619e-06,-6.3791798025475688e-03,9.8158944827202586e+00,
1.1825629308793138e-02,-8.9737908799239596e-05,1.0000000005504086e+00,0.0000000000000000e+00,2.8362578898422780e-06,-1.5588753720234884e-02,9.8289698828844081e+00,
-2.1965866655813912e-03,-1.2329547308381011e-03,1.0005874329562006e+00,0.0000000000000000e+00,3.4443351924364540e-02,5.0085023353837466e-01,-7.3912319619590630e+00,
-7.3354633444547212e-03,-4.7158019271634939e-02,1.0420425550783290e+00,6.5996582435383477e-09,2.4036856395082928e+00,2.3051302342768913e+00,-4.7996660867801815e+00,
9.3207912137041687e-02,1.5526197570975587e-02,1.1670538636501435e+00,3.1970576913503690e-04,1.7720795452715436e+01,1.1444415811207108e+01,-2.7757068491210619e+00,
8.2281442288774076e-01,2.0432992011960313e-01,1.9999814264130891e+00,1.0000011906607600e+00,5.3553861846788806e+01,1.1565983395323942e+01,1.8869531434020090e-01,
8.3957394632314442e-01,1.5626928226336281e-02,1.9999801384272202e+00,1.0000000321453748e+00,3.7817523454459419e+01,-6.1130750887291851e-01,2.9084382244083913e+00,
1.3554023517030755e-01,-4.2284932478492215e-02,1.0000000076190809e+00,0.0000000000000000e+00,1.2373168038365412e-02,-1.2737535936214456e-01,5.0264989673261153e+00,
3.0220049401492737e-02,-1.3149384043833959e-02,1.0000000000675917e+00,0.0000000000000000e+00,1.9968423419181036e-03,-3.4932109903201614e-02,7.4014040214039882e+00,
-3.6891018542671751e-04,1.1951123544773729e-02,1.0000000004078391e+00,0.0000000000000000e+00,7.7152692152693270e-05,1.9542732511985406e-02,-7.4589015344528242e+00,
-4.2026411058615650e-04,2.6739193958537938e-02,1.0000000002447016e+00,0.0000000000000000e+00,1.4666945800134723e-04,2.3802409195165075e-02,-5.0108324242553071e+00,
-2.1384070636986202e-04,4.5124941167927861e-02,1.0000000008880581e+00,0.0000000000000000e+00,1.3549949617397417e-04,2.3759671532530890e-02,-2.5530182284538632e+00,
1.0521436002367053e-02,4.8245163247897474e-02,1.0000000009351704e+00,0.0000000000000000e+00,2.1081666508488859e-05,1.1244486972732004e-02,-7.7112524938102514e-02,
1.7391088034567119e-02,4.3393482171646541e-02,1.0000000002099032e+00,0.0000000000000000e+00,1.6371133394343929e-04,-3.5259639011214067e-04,2.4132384777550051e+00,
1.7070182486438868e-02,2.4807511190950409e-02,1.0000000004625325e+00,0.0000000000000000e+00,1.6472903776298953e-04,-3.3391884728673632e-04,4.8910668795945558e+00,
1.1216219058700310e-02,1.2593400192426617e-02,1.0000000007470451e+00,0.0000000000000000e+00,6.2066576520136696e-05,-1.7213645882183451e-04,7.3523450846966529e+00,
-1.3404553333669855e-02,1.0078165774237270e-02,1.0000000002473326e+00,0.0000000000000000e+00,1.6559630347529053e-04,6.9131867974952146e-02,-7.4520680239433892e+00,
-1.6237462601211894e-02,2.6746237643049117e-02,1.0000000041916182e+00,0.0000000000000000e+00,9.4295615811756939e-04,1.2125822732548719e-01,-5.0161085893494928e+00,
-1.0490230223373868e-02,8.4617776264118094e-02,1.0000000042903499e+00,0.0000000000000000e+00,1.7462576428781684e-03,1.3734037342157324e-01,-2.5665134327003836e+00,
5.7532285779310688e-02,1.0650212341063164e-01,1.0000000006514307e+00,0.0000000000000000e+00,-2.3091767886923575e-04,9.6272670621211365e-02,-8.3415699139604171e-02,
7.3199228871033639e-02,7.7924644465734355e-02,1.0000000000485403e+00,0.0000000000000000e+00,2.1124291667107276e-03,-1.7558931009094003e-02,2.4514884024274419e+00,
5.7833930879084526e-02,2.3790234048966630e-02,1.0000000000155502e+00,0.0000000000000000e+00,1.0323157685352413e-03,-1.6828254312817592e-02,4.9203915132250291e+00,
2.5728698356640732e-02,9.3734149736692130e-03,1.0000000000310043e+00,0.0000000000000000e+00,7.5629064565485571e-05,-9.0213486887795319e-03,7.3676665792613889e+00,
-2.5814302717407814e-02,-1.2326758970540404e-04,1.0000064340040993e+00,0.0000000000000000e+00,2.3490761036035757e-03,2.0204172238989182e-01,-7.4231056393462440e+00,
-3.8008909204837002e-02,1.7156859812442731e-02,1.0008259335276943e+00,6.4573936517183701e-17,3.4296113769750791e-01,6.6310048878664718e-01,-4.9685350011708209e+00,
-5.8715471925922642e-02,1.5142451664633899e-01,1.0008991444707307e+00,1.1287306050721486e-07,1.3628605695269571e+00,2.0291002671241567e+00,-2.6451095629930448e+00,
6.7915434371361982e-01,6.6444866302964933e-01,1.1102135910774136e+00,1.3839961873779572e-01,4.3998228707432659e+01,2.1497379002753849e+00,-1.1508205158585956e-01,
6.2226973256574769e-01,1.3064183848170383e-01,1.0000000213977607e+00,1.1584007687609680e-09,1.7735090757114680e-01,-1.3069212547468040e-01,2.6365880557193688e+00,
1.3173543636192725e-01,7.1448133984963105e-03,1.0000000005476339e+00,0.0000000000000000e+00,1.3100317638561343e-03,-5.6972918561717462e-02,4.9811308166096246e+00,
3.2147476736671003e-02,-3.0972275868463390e-03,1.0000000001065654e+00,0.0000000000000000e+00,-1.8921348252376458e-05,-2.4143394770558727e-02,7.3893480986924160e+00,

