NavierStokes-V1.1
7
x_velocity
y_velocity
density
tracer
mag_vort
diveru
avg_pressure
2
0
1
0 0 
1 2 
2 
((0,0) (63,127) (0,0)) ((0,0) (127,255) (0,0)) 
0 0 
0.015625 0.015625 
0.0078125 0.0078125 
1
0
0 32 0
0
0 0.25
0 0.25
0.75 1
0 0.25
0.5 0.75
0 0.25
0.25 0.5
0 0.25
0 0.25
1.75 2
0 0.25
1.5 1.75
0 0.25
1.25 1.5
0 0.25
1 1.25
0 0.25
0.75 1
0 0.25
0.5 0.75
0 0.25
0.25 0.5
0.75 1
1.75 2
0.75 1
1.5 1.75
0.75 1
1.25 1.5
0.75 1
1 1.25
0.75 1
0.75 1
0.75 1
0.5 0.75
0.75 1
0.25 0.5
0.5 0.75
1.75 2
0.5 0.75
1.5 1.75
0.5 0.75
1.25 1.5
0.5 0.75
1 1.25
0.5 0.75
0.75 1
0.5 0.75
0.5 0.75
0.5 0.75
0.25 0.5
0.25 0.5
1.75 2
0.25 0.5
1.5 1.75
0.25 0.5
1.25 1.5
0.25 0.5
1 1.25
0.25 0.5
0.75 1
0.25 0.5
0.5 0.75
0.25 0.5
0.25 0.5
Level_0/Cell
1 8 0
0
0 0.09375
1.28125 1.34375
0.09375 0.21875
1.28125 1.34375
0 0.09375
1.59375 1.71875
0 0.09375
1.46875 1.59375
0 0.09375
1.34375 1.46875
0.09375 0.21875
1.59375 1.71875
0.09375 0.21875
1.46875 1.59375
0.09375 0.21875
1.34375 1.46875
Level_1/Cell
