1
1
7
0
(32 0
((0,0) (15,15) (0,0))
((48,0) (63,15) (0,0))
((32,0) (47,15) (0,0))
((16,0) (31,15) (0,0))
((0,112) (15,127) (0,0))
((0,96) (15,111) (0,0))
((0,80) (15,95) (0,0))
((0,64) (15,79) (0,0))
((0,48) (15,63) (0,0))
((0,32) (15,47) (0,0))
((0,16) (15,31) (0,0))
((48,112) (63,127) (0,0))
((48,96) (63,111) (0,0))
((48,80) (63,95) (0,0))
((48,64) (63,79) (0,0))
((48,48) (63,63) (0,0))
((48,32) (63,47) (0,0))
((48,16) (63,31) (0,0))
((32,112) (47,127) (0,0))
((32,96) (47,111) (0,0))
((32,80) (47,95) (0,0))
((32,64) (47,79) (0,0))
((32,48) (47,63) (0,0))
((32,32) (47,47) (0,0))
((32,16) (47,31) (0,0))
((16,112) (31,127) (0,0))
((16,96) (31,111) (0,0))
((16,80) (31,95) (0,0))
((16,64) (31,79) (0,0))
((16,48) (31,63) (0,0))
((16,32) (31,47) (0,0))
((16,16) (31,31) (0,0))
)
32
FabOnDisk: Cell_D_00000 0
FabOnDisk: Cell_D_00000 14418
FabOnDisk: Cell_D_00000 28837
FabOnDisk: Cell_D_00000 43256
FabOnDisk: Cell_D_00003 0
FabOnDisk: Cell_D_00003 14421
FabOnDisk: Cell_D_00002 0
FabOnDisk: Cell_D_00002 14419
FabOnDisk: Cell_D_00001 0
FabOnDisk: Cell_D_00001 14419
FabOnDisk: Cell_D_00000 57675
FabOnDisk: Cell_D_00003 28841
FabOnDisk: Cell_D_00003 43263
FabOnDisk: Cell_D_00002 28838
FabOnDisk: Cell_D_00002 43258
FabOnDisk: Cell_D_00001 28838
FabOnDisk: Cell_D_00001 43258
FabOnDisk: Cell_D_00000 72094
FabOnDisk: Cell_D_00003 57684
FabOnDisk: Cell_D_00003 72106
FabOnDisk: Cell_D_00002 57678
FabOnDisk: Cell_D_00002 72098
FabOnDisk: Cell_D_00001 57678
FabOnDisk: Cell_D_00001 72098
FabOnDisk: Cell_D_00000 86514
FabOnDisk: Cell_D_00003 86527
FabOnDisk: Cell_D_00003 100949
FabOnDisk: Cell_D_00002 86518
FabOnDisk: Cell_D_00002 100938
FabOnDisk: Cell_D_00001 86518
FabOnDisk: Cell_D_00001 100938
FabOnDisk: Cell_D_00000 100934

32,7
-6.3011762407168932e-06,-1.3041870343992014e-03,9.9999999947156393e-01,0.0000000000000000e+00,-7.3892211489712863e-03,-4.2570929605764496e-03,7.4518757292697018e+00,
1.3020489659115647e-05,7.7439218059951425e-06,9.9999999949128715e-01,0.0000000000000000e+00,-1.1560369746355798e-06,-7.6631492231245615e-04,7.4481804791396486e+00,
4.3315278395088665e-04,-2.7001374698790289e-04,9.9999999958782815e-01,0.0000000000000000e+00,-4.0657356592168487e-06,-1.9015631477870207e-03,7.4487488742644761e+00,
5.1323775442652531e-04,-9.5806548148563773e-04,9.9999999945356188e-01,0.0000000000000000e+00,-5.5113669068934668e-06,-3.0342795012296662e-03,7.4502298981182156e+00,
-1.1382983789838938e-01,-2.4248684651866079e-01,9.9999999809727214e-01,0.0000000000000000e+00,-3.6312655093941992e-02,1.4749170343635704e-01,-9.8389284495131317e+00,
-2.4454779563964718e-01,-6.7534385928134499e-01,1.0001160696405058e+00,-1.8611735327921557e-05,-4.5299514891933401e-01,-1.0581496717374143e-01,-7.4887359211443787e+00,
-6.8480141574339223e-02,-6.6080258776087264e-01,1.0003652776369667e+00,-1.7325264232959200e-05,-6.5855538223980181e-01,-3.2724273563080457e+00,-5.0255380232059306e+00,
-6.7823775387137360e-03,-5.1730285934851172e-01,1.0000000010248453e+00,-1.3842744255414224e-08,-7.5961512158588151e-02,-3.8616027759029534e+00,-2.2609360938930974e+00,
5.9585855301114740e-04,-5.8539825265170993e-02,9.9999999213316548e-01,0.0000000000000000e+00,-8.1366745411317193e-03,-2.4157994617220391e-01,1.4359788481466770e-01,
1.6126208110650421e-04,-1.3803951373111547e-02,9.9999999580179799e-01,0.0000000000000000e+00,-9.0894875205405762e-04,-4.1840885704277492e-02,2.5652190120994645e+00,
5.8283788408592390e-05,-4.2638214159142840e-03,9.9999999879680423e-01,0.0000000000000000e+00,-1.9390241432377074e-04,-1.1541242338893885e-02,5.0052795398341008e+00,
-8.3239026402209797e-03,2.2139305222980101e-04,9.9999999983095456e-01,0.0000000000000000e+00,-2.3450395448959549e-06,2.1336104618668861e-04,-9.7665255253324634e+00,
-7.0559691966588121e-03,6.8547736073528761e-03,9.9999999972127296e-01,0.0000000000000000e+00,-9.7201638087372755e-05,6.0129693142706338e-05,-7.3111848385858114e+00,
-1.6745954905663344e-03,9.8936141550749063e-03,9.9999999974767884e-01,0.0000000000000000e+00,-1.0416028328827376e-04,-5.1159417643158039e-03,-4.8455952176097261e+00,
8.9577984590913669e-05,5.9395655101014159e-03,9.9999999981314669e-01,0.0000000000000000e+00,-6.7385574758077604e-06,-6.4367058079519146e-03,-2.3776327103937436e+00,
7.7870724582479599e-05,2.4147478735717302e-03,9.9999999983669197e-01,0.0000000000000000e+00,-2.0139629258761164e-06,-5.9330477184110775e-03,8.5414222693658157e-02,
3.9354410288650158e-05,9.0329319823369541e-04,9.9999999985559507e-01,0.0000000000000000e+00,-1.7804716963893861e-06,-3.4699370805893609e-03,2.5430780947655016e+00,
1.9038843350996707e-05,3.0069997171925359e-04,9.9999999988223565e-01,0.0000000000000000e+00,-1.3669795537202961e-06,-1.6273216981539142e-03,4.9967136696417649e+00,
-2.5266001458164693e-02,2.0443201849437164e-04,9.9999999907991621e-01,0.0000000000000000e+00,-1.2320917994472014e-05,1.0701828664218760e-02,-9.7850813803036338e+00,
-2.5256153845557839e-02,8.4925274748155876e-03,9.9999999990804356e-01,0.0000000000000000e+00,-1.0239023308549200e-03,3.1250166669651441e-03,-7.3316818114481359e+00,
-5.8496660923471576e-03,1.1704210765362820e-02,9.9999999991420851e-01,0.0000000000000000e+00,-1.1701711778085988e-03,-3.9542424851224056e-02,-4.8558573829320322e+00,
4.4561091884548973e-03,1.3801331652086750e-03,9.9999999994641531e-01,0.0000000000000000e+00,-1.2998428380872618e-06,-4.0740499335953362e-02,-2.3752631762437373e+00,
2.9518012421231032e-03,-1.1501303829563143e-03,9.9999999994477562e-01,0.0000000000000000e+00,-7.1964837518208313e-06,-2.6981611916392319e-02,8.8978269884057881e-02,
1.3839580928994429e-03,-1.1501230360489449e-03,9.9999999997037392e-01,0.0000000000000000e+00,-1.4338105252961753e-05,-1.1304310223119299e-02,2.5454363020614537e+00,
6.4311185548799514e-04,-7.0298240422249814e-04,9.9999999997644828e-01,0.0000000000000000e+00,-1.0972062527331988e-05,-4.4236870489600018e-03,4.9978868632764222e+00,
-8.6604273329363698e-02,-2.6661921323905650e-02,9.9999999690146868e-01,0.0000000000000000e+00,-5.6087816737515617e-04,4.8160446628409084e-02,-9.8179423282047775e+00,
-1.5987211445807742e-01,-2.5683803866640161e-02,1.0000000009241490e+00,-6.2198714628705690e-15,-2.8888350961083220e-03,1.8882625201559089e-02,-7.3961752849031095e+00,
-5.8935237315979112e-02,-9.2129181631085150e-03,1.0000000008851602e+00,-3.6168102597698932e-09,-3.8936751323569441e-03,-6.1422133738610585e-01,-4.9526087043694833e+00,
1.5303006249648494e-02,-3.3408137273754655e-02,9.9999999993067834e-01,0.0000000000000000e+00,-7.7551171778311723e-04,-4.7285209358228403e-01,-2.3607090575722975e+00,
6.2906203140475330e-03,-2.3067403771447757e-02,9.9999999992546729e-01,0.0000000000000000e+00,-7.0943382085553175e-04,-1.0199952665926859e-01,1.0413395778398646e-01,
2.1548028626203132e-03,-8.4069577286956312e-03,9.9999999996145972e-01,0.0000000000000000e+00,-1.2662285150696895e-04,-2.5197227967256819e-02,2.5531270434418936e+00,
8.1969866301733537e-04,-2.9794703345474038e-03,9.9999999999109279e-01,0.0000000000000000e+00,-2.3891205890136380e-05,-7.8337895218153902e-03,5.0011843789819483e+00,

32,7
7.4667055313646746e-04,7.7913731510380862e-06,1.0000000002206055e+00,0.0000000000000000e+00,8.0297151705794982e-04,-5.0037581395005119e-04,9.7484061904512522e+00,
5.8264437685856530e-04,4.5720739780891960e-04,1.0000000005649408e+00,0.0000000000000000e+00,2.4395304306810625e-07,-1.0782490310828593e-05,9.7457813800126161e+00,
9.6534843894271886e-04,2.5300501727276129e-04,1.0000000000971137e+00,0.0000000000000000e+00,1.6626499719805195e-07,-5.8197778059504305e-04,9.7467786224297974e+00,
9.8151626020447839e-04,-9.0485813211142778e-06,1.0000000001913441e+00,0.0000000000000000e+00,1.8890787439114921e-07,-1.3441982514564950e-03,9.7478918217634902e+00,
-3.6867091686622051e-03,-1.3046748135593514e-03,1.0078518755893866e+00,0.0000000000000000e+00,1.5162306098974287e-01,1.5042271499028441e+00,-7.5514455368699736e+00,
8.3844381196279596e-03,7.7688029798918853e-02,1.9996872879000913e+00,1.0000000546812275e+00,1.1900239905060724e+01,3.2868062450834472e+00,-5.1402071961152220e+00,
2.6472697490758812e-01,8.9624759601960494e-02,1.9999874186061546e+00,1.0017027421919318e+00,1.3102524891191663e+01,3.5115303559913946e-01,-2.1103132691652666e+00,
2.3239573196481964e-01,-2.7302091834141080e-02,1.3462454563608948e+00,1.7023579737063510e-01,4.0648343422044002e+00,-1.2100784106335760e-01,3.3733108737522922e-02,
2.6604139471666243e-02,-9.5322188089946545e-03,1.0000000112258651e+00,0.0000000000000000e+00,2.6638683868568103e-03,-2.5717468725135355e-02,2.4205973689210580e+00,
6.3153118913597183e-03,-3.3243884656103222e-03,1.0000000002350273e+00,0.0000000000000000e+00,3.7107357509763572e-04,-6.9290557377673541e-03,4.8545760057737990e+00,
1.9378576431912913e-03,-1.0800617642766281e-03,1.0000000001008678e+00,0.0000000000000000e+00,8.4664817988910901e-05,-2.4999070698468982e-03,7.2996144628204860e+00,
-1.8417065700187125e-04,7.8123079653918482e-03,1.0000000004782739e+00,0.0000000000000000e+00,3.1446380704597265e-05,1.0992958275271830e-02,-7.4603523210100064e+00,
-5.5290036248356734e-05,1.3455127644171297e-02,1.0000000003537479e+00,0.0000000000000000e+00,1.7338797689114838e-05,9.3786014770246284e-03,-4.9978304760416998e+00,
3.8096333645281427e-03,1.3720453873971862e-02,1.0000000004580181e+00,0.0000000000000000e+00,7.1125615169160628e-06,2.2245934041822887e-03,-2.5298721239731057e+00,
4.8414723573814763e-03,1.1143555918552941e-02,1.0000000006533805e+00,0.0000000000000000e+00,4.6551896693114436e-05,-1.2272701879476391e-04,-6.5243485317685854e-02,
4.4834832866655861e-03,6.1570265680094124e-03,1.0000000006749523e+00,0.0000000000000000e+00,4.2866518020295841e-05,-7.8334753882256317e-05,2.3917586781266165e+00,
2.6357123108887402e-03,3.0613031359125130e-03,1.0000000006827721e+00,0.0000000000000000e+00,1.1059764323861909e-05,-3.5600655767638323e-05,4.8445240522664239e+00,
1.2373173828074248e-03,1.3062329221116735e-03,1.0000000006091123e+00,0.0000000000000000e+00,8.6887525363498266e-07,-1.6171139551257423e-05,7.2955251039057085e+00,
-7.8917133452755459e-03,1.0534898190885975e-02,1.0000000004109910e+00,0.0000000000000000e+00,5.3814332987184299e-04,4.9954825987823914e-02,-7.4656302010268991e+00,
-2.2973563135294467e-03,3.0729440739527752e-02,1.0000000090324321e+00,0.0000000000000000e+00,5.2271586987118202e-04,5.0041890335145667e-02,-5.0002614733818973e+00,
1.9736661418598766e-02,3.1503608349531836e-02,1.0000000092998031e+00,0.0000000000000000e+00,3.6496538792418765e-04,1.1814166283532795e-02,-2.5176963809288635e+00,
2.0479217940823836e-02,1.5989087135825343e-02,1.0000000002509084e+00,0.0000000000000000e+00,5.2516688715126270e-04,-6.1013006047763718e-03,-5.0757080789312306e-02,
1.3753986924268997e-02,5.5443168624298511e-03,1.0000000000100355e+00,0.0000000000000000e+00,1.6511987155354985e-04,-3.9679801410510418e-03,2.3994567300303791e+00,
5.7571782795741685e-03,2.1568312030538594e-03,1.0000000000060529e+00,0.0000000000000000e+00,1.1764102907894924e-05,-1.8588609846678233e-03,4.8478824278036168e+00,
2.2482521149935972e-03,7.8395586790938197e-04,1.0000000000196996e+00,0.0000000000000000e+00,-8.0759338519711954e-07,-8.6394073917485208e-04,7.2970272337449718e+00,
-2.3810373075304522e-02,1.0458509673547854e-02,1.0000335768554216e+00,0.0000000000000000e+00,5.8899104230432098e-03,3.3197606290691883e-01,-7.4876014776956428e+00,
-9.0152309195287786e-03,1.2486463819296864e-01,1.0247200103211946e+00,4.5248053780995514e-14,3.0810874680629921e+00,5.9928683574217934e-01,-5.0132311554768538e+00,
1.6016456282227504e-01,1.3993127288877136e-01,1.0285106072882151e+00,1.7001858322128806e-13,3.7118948443890964e+00,1.7035488369011920e-01,-2.4302901628823688e+00,
1.2397939891335280e-01,1.6844410535105860e-02,1.0000850900300431e+00,0.0000000000000000e+00,2.0482991491586056e-02,-3.0966676961291878e-02,-1.0214307624410043e-02,
2.6387141426077777e-02,2.8473943984393211e-04,1.0000000002947795e+00,0.0000000000000000e+00,1.7416100733417400e-04,-1.2743019104506065e-02,2.4123167101005878e+00,
6.8634857824473273e-03,-8.7670872131806303e-04,1.0000000001725153e+00,0.0000000000000000e+00,-1.2628032589022398e-05,-4.9115527505117947e-03,4.8522740550643597e+00,
2.3640891858696146e-03,-3.3780204692457507e-04,1.0000000000936498e+00,0.0000000000000000e+00,-4.6068243837078804e-06,-2.0695352873706524e-03,7.2987764473275414e+00,

