1
1
7
0
(9 0
((0,112) (11,127) (0,0))
((24,112) (35,127) (0,0))
((12,112) (23,127) (0,0))
((0,144) (11,159) (0,0))
((0,128) (11,143) (0,0))
((24,144) (35,159) (0,0))
((24,128) (35,143) (0,0))
((12,144) (23,159) (0,0))
((12,128) (23,143) (0,0))
)
9
FabOnDisk: Cell_D_00001 0
FabOnDisk: Cell_D_00002 0
FabOnDisk: Cell_D_00001 10837
FabOnDisk: Cell_D_00003 0
FabOnDisk: Cell_D_00002 10838
FabOnDisk: Cell_D_00003 10837
FabOnDisk: Cell_D_00000 0
FabOnDisk: Cell_D_00003 21675
FabOnDisk: Cell_D_00000 10838

9,7
-2.3148424041930529e-02,-1.5166133887818987e+00,1.0000008426903924e+00,6.2222518932154159e-07,-1.4847808617206129e+00,-1.6192818977787311e+01,3.1612674725741335e-01,
2.9569284426153220e-01,-1.0019046300747405e+00,1.0000000002949603e+00,-1.9771579789630891e-24,-4.1017827369007165e-02,-4.7086200518418657e+00,5.2697606542654925e-03,
1.4839275349546183e-01,-1.4400526080334595e+00,1.0000000003432601e+00,3.1370905911269049e-14,-2.2109609810201292e-01,-5.5572091659844247e+00,1.5904728838901583e-01,
-2.5933418740073760e-01,-2.3530881663016276e+00,1.1697099852033621e+00,-3.7528371307486538e-03,-1.9012900396091179e+00,-5.6758575332117829e+00,-3.0207480181698703e+00,
1.6865603442626612e-02,-2.2121426821605858e+00,1.4049328020547853e+00,5.1563076321672801e-03,-5.1810005648260660e-02,-3.9021905548105895e+00,-2.1591518264732388e+00,
-8.0640827764637069e-01,-1.4142123851292243e+00,1.0000038316135278e+00,-1.7672920605110391e-06,4.5136217597364592e-01,-1.6413903564629564e+00,-3.5884582258289051e+00,
5.8047770461940443e-02,-1.4008685029527292e+00,1.0000000090145511e+00,7.5390926141551274e-14,1.4207782110187139e-02,-4.9054048841727713e+00,-2.8011103826233534e+00,
-7.1954828623234224e-01,-2.1926769546769953e+00,1.0617227433355321e+00,-2.1932130624375203e-03,7.2767942949408457e+00,-1.9809928905369514e+00,-3.5121050983925182e+00,
1.9273536881545936e-01,-2.0646902975091690e+00,1.4554930292577002e+00,4.3492949221085953e-01,1.0648000613236697e-01,-3.1377137420460777e+00,-2.6884945475549658e+00,

9,7
4.3665102726555444e-01,-7.3571173935234924e-01,1.9999844964688114e+00,1.0000000029775264e+00,1.8046588074182473e+01,-3.5175690189992892e-02,2.1434694087204011e+00,
8.5606952763470789e-01,1.1707226037622942e-01,1.9303109655374584e+00,9.8352455812437944e-01,4.7409234297527220e+01,-1.1289014615377067e+00,1.6743272533647771e+00,
8.1246903335735898e-01,-3.4484239155401941e-01,1.9995069032808042e+00,1.0000005124546780e+00,4.2590660090348628e+01,-1.5027396816291372e+00,1.9964035930866171e+00,
1.7718564043770804e-01,-1.9577135905604244e+00,1.4060638983168101e+00,1.2096142588850425e-01,8.3270972091963014e+00,3.9663074478903454e+01,-2.0568292949003752e+00,
2.8506265831292055e-01,-1.4797271386111124e+00,1.9999847162094373e+00,1.0000000044012645e+00,6.3056829393410396e+00,-1.4462259496291692e+00,2.4433564317599626e-01,
3.1486557867256759e-01,6.7788414410979425e-01,1.7798927115597656e+00,9.9941695744955661e-01,6.3860482691791518e+01,4.2185238133014806e+00,-2.2553487598741691e+00,
8.4109824779467524e-01,6.7565080176460579e-01,1.9782638712576459e+00,1.0000011097317298e+00,6.2264438069370399e+01,-5.4705650629049529e-02,-1.5843541637356212e-02,
3.1895496041689309e-01,-8.8048756094364067e-01,1.6412222118651016e+00,9.5338648522128844e-01,3.1521038778683170e+01,4.0472934456846730e+00,-2.3179477971170099e+00,
4.4428941612667600e-01,-1.1831226387940519e+00,1.9995719563930485e+00,1.0000023113860710e+00,1.5234310059505702e+01,-1.6783092672243889e+00,1.5482271062418915e-01,

