1
1
5
0
(4 0
((16,16) (31,31) (0,0))
((16,32) (31,47) (0,0))
((32,16) (47,31) (0,0))
((32,32) (47,47) (0,0))
)
4
FabOnDisk: Cell_D_00000 0
FabOnDisk: Cell_D_00002 0
FabOnDisk: Cell_D_00001 0
FabOnDisk: Cell_D_00003 0

4,5
2.3133976225199082e-01,2.4545023999993512e-03,1.0000000000000000e+00,0.0000000000000000e+00,-2.8486511416942687e+01,
2.3138328903931948e-01,2.4285725204620315e-03,1.0000000000000000e+00,0.0000000000000000e+00,-3.1322839666458785e-01,
2.3133976225199082e-01,-6.6645401418857289e-02,1.0000000000000000e+00,0.0000000000000000e+00,-2.8486511416942687e+01,
2.3138328903931948e-01,-4.9881144328717632e-02,1.0000000000000000e+00,0.0000000000000000e+00,-3.1322839666458790e-01,

4,5
1.0007028011512569e+00,6.6645401418857386e-02,1.0000000000000000e+00,1.0000000000000000e+00,-9.5568751564034660e-03,
1.0007085543509415e+00,4.9881144328717646e-02,1.0000000000000000e+00,1.0000000000000000e+00,2.8360649548937943e+01,
1.0007028011512569e+00,-2.4545023999993252e-03,1.0000000000000000e+00,1.0000000000000000e+00,-9.5568751564034660e-03,
1.0007085543509415e+00,-2.4285725204623051e-03,1.0000000000000000e+00,1.0000000000000000e+00,2.8360649548937943e+01,

