1
1
7
0
(32 0
((0,0) (15,15) (0,0))
((48,0) (63,15) (0,0))
((32,0) (47,15) (0,0))
((16,0) (31,15) (0,0))
((0,112) (15,127) (0,0))
((0,96) (15,111) (0,0))
((0,80) (15,95) (0,0))
((0,64) (15,79) (0,0))
((0,48) (15,63) (0,0))
((0,32) (15,47) (0,0))
((0,16) (15,31) (0,0))
((48,112) (63,127) (0,0))
((48,96) (63,111) (0,0))
((48,80) (63,95) (0,0))
((48,64) (63,79) (0,0))
((48,48) (63,63) (0,0))
((48,32) (63,47) (0,0))
((48,16) (63,31) (0,0))
((32,112) (47,127) (0,0))
((32,96) (47,111) (0,0))
((32,80) (47,95) (0,0))
((32,64) (47,79) (0,0))
((32,48) (47,63) (0,0))
((32,32) (47,47) (0,0))
((32,16) (47,31) (0,0))
((16,112) (31,127) (0,0))
((16,96) (31,111) (0,0))
((16,80) (31,95) (0,0))
((16,64) (31,79) (0,0))
((16,48) (31,63) (0,0))
((16,32) (31,47) (0,0))
((16,16) (31,31) (0,0))
)
32
FabOnDisk: Cell_D_00000 0
FabOnDisk: Cell_D_00000 14418
FabOnDisk: Cell_D_00000 28837
FabOnDisk: Cell_D_00000 43256
FabOnDisk: Cell_D_00003 0
FabOnDisk: Cell_D_00003 14421
FabOnDisk: Cell_D_00002 0
FabOnDisk: Cell_D_00002 14419
FabOnDisk: Cell_D_00001 0
FabOnDisk: Cell_D_00001 14419
FabOnDisk: Cell_D_00000 57675
FabOnDisk: Cell_D_00003 28841
FabOnDisk: Cell_D_00003 43263
FabOnDisk: Cell_D_00002 28838
FabOnDisk: Cell_D_00002 43258
FabOnDisk: Cell_D_00001 28838
FabOnDisk: Cell_D_00001 43258
FabOnDisk: Cell_D_00000 72094
FabOnDisk: Cell_D_00003 57684
FabOnDisk: Cell_D_00003 72106
FabOnDisk: Cell_D_00002 57678
FabOnDisk: Cell_D_00002 72098
FabOnDisk: Cell_D_00001 57678
FabOnDisk: Cell_D_00001 72098
FabOnDisk: Cell_D_00000 86514
FabOnDisk: Cell_D_00003 86527
FabOnDisk: Cell_D_00003 100949
FabOnDisk: Cell_D_00002 86518
FabOnDisk: Cell_D_00002 100938
FabOnDisk: Cell_D_00001 86518
FabOnDisk: Cell_D_00001 100938
FabOnDisk: Cell_D_00000 100934

32,7
2.8654782508899090e-04,-1.0794430653219425e-02,9.9999999869531231e-01,0.0000000000000000e+00,-4.7766305848417380e-04,-3.6630016371228091e-02,7.5143977709802723e+00,
9.3790416191589582e-05,5.9385725281450886e-05,9.9999999897170033e-01,0.0000000000000000e+00,-2.2156888539980046e-06,-5.4275778192803686e-03,7.4880109665858088e+00,
3.1728994526056746e-03,-1.7179570006339998e-03,9.9999999905865078e-01,0.0000000000000000e+00,-2.7345961708974409e-05,-1.4474114170295815e-02,7.4915261782441664e+00,
4.0663618722664822e-03,-7.4975383112327893e-03,9.9999999870702361e-01,0.0000000000000000e+00,-6.2355806479591491e-05,-2.5102399401962655e-02,7.5015872984934404e+00,
-6.4395183992148317e-02,-1.2986532992700947e-01,9.9999999887593827e-01,0.0000000000000000e+00,-5.6188526235685654e-03,1.1438992888379046e-01,-9.7334609824821392e+00,
-2.8812592620148414e-01,-8.3541076462979202e-01,1.0000222362143887e+00,-2.6111301511911938e-09,-2.6769830738199163e-03,2.8767113804484246e-01,-7.2735684335438577e+00,
-6.0842208211340676e-01,-2.1262132155111093e+00,1.0021927124956775e+00,-3.7072394714910278e-03,-3.0896126202229968e+00,-2.0163580720705063e+00,-4.8596865648113976e+00,
-3.6081337732557867e-01,-2.1047221196967474e+00,1.0000000204208561e+00,6.1231147021491632e-17,-3.6287531815551111e-02,-5.2896604966110203e+00,-3.7461307157509993e+00,
-2.5756743995009213e-02,-1.2167036616357547e+00,9.9999998009312407e-01,0.0000000000000000e+00,-1.0190277509059769e+00,-8.1710347680927704e+00,3.1299143792486661e-01,
1.6937336492658813e-03,-1.6197792051563661e-01,9.9999998617114627e-01,0.0000000000000000e+00,-2.1091860676848789e-02,-6.4717537863959129e-01,2.7176089697652617e+00,
5.0517683564305354e-04,-3.8851337029822235e-02,9.9999999654348715e-01,0.0000000000000000e+00,-2.4343785677772914e-03,-1.1936613331634362e-01,5.0906937016298697e+00,
-1.5068623905259022e-02,3.3294111960336168e-04,9.9999999988261712e-01,0.0000000000000000e+00,-3.0090340466202572e-06,3.7559650419923679e-04,-9.7578948711964344e+00,
-1.6159468643655927e-02,1.2242535809197022e-02,9.9999999986663102e-01,0.0000000000000000e+00,-2.6914858357596216e-06,4.4202379763276511e-04,-7.3091971565917753e+00,
-1.5036153306047326e-02,2.6141276930313987e-02,9.9999999990829602e-01,0.0000000000000000e+00,-2.6971958199070722e-04,1.0173492578632003e-04,-4.8627794083714067e+00,
-2.3177304327683139e-03,2.9731886502700363e-02,9.9999999992046662e-01,0.0000000000000000e+00,-2.9396720783221586e-04,-1.6382212646788630e-02,-2.4028728796076537e+00,
2.9391118790832301e-04,1.7285367484586648e-02,9.9999999986830002e-01,0.0000000000000000e+00,-2.1313782528453729e-05,-1.9618038446559627e-02,8.2141051166564699e-02,
2.3589323747266473e-04,6.8890987271377690e-03,9.9999999984461252e-01,0.0000000000000000e+00,-5.6766467840240484e-06,-1.7817400996515520e-02,2.5606427654916302e+00,
1.3060416488737674e-04,2.3092769050585969e-03,9.9999999984514476e-01,0.0000000000000000e+00,-4.9154541602635174e-06,-1.0455025807272950e-02,5.0291769081698652e+00,
-3.8615425962900816e-02,-3.0846796092249618e-04,9.9999999908213011e-01,0.0000000000000000e+00,-3.7298314887839173e-06,1.9210483353087546e-02,-9.7569200278362711e+00,
-5.9569676378790931e-02,2.6187347027955667e-03,9.9999999995245203e-01,0.0000000000000000e+00,9.4505451431747822e-05,2.2175111357347121e-02,-7.3093800995564031e+00,
-6.0206517165063672e-02,2.9155369213957151e-02,9.9999999995202504e-01,0.0000000000000000e+00,-2.5952405690448654e-03,5.2480726901659169e-03,-4.8863052939169798e+00,
-1.3240912015136752e-02,3.4460597614786981e-02,9.9999999989066968e-01,0.0000000000000000e+00,-3.5219122174615647e-03,-1.1997884881840526e-01,-2.4640211223031629e+00,
1.4099564176456945e-02,3.3348626011191875e-03,9.9999999992759092e-01,0.0000000000000000e+00,-7.3406121527397339e-06,-1.2267470732379859e-01,8.2073734210525301e-02,
8.8722062480517620e-03,-3.3725695634346585e-03,9.9999999994274535e-01,0.0000000000000000e+00,-2.5605925245003602e-05,-7.9271298995045453e-02,2.5674792618879678e+00,
4.5539777870323272e-03,-3.3465775124645663e-03,9.9999999997205657e-01,0.0000000000000000e+00,-4.1109660307625528e-05,-3.3447588150355589e-02,5.0350416588648654e+00,
-6.3832677015976336e-02,-4.4894100356034625e-02,9.9999999756911850e-01,0.0000000000000000e+00,-5.5711637233779587e-04,5.8579257001427236e-02,-9.7505518708917762e+00,
-2.2386039251576106e-01,-7.4290983516818510e-02,1.0000000005235730e+00,-4.5935919449448770e-15,3.4822940316175943e-04,8.4810756941185603e-02,-7.3058807260185645e+00,
-4.3750677323019899e-01,-6.7511424760605301e-02,1.0000000007827765e+00,-3.9590125365814401e-08,-9.5099875048969551e-03,4.7426447850402398e-02,-4.8979177243792869e+00,
-3.0497099801472349e-01,-4.8708871329332430e-02,9.9999999989562227e-01,-1.9950504657591465e-06,-1.8105698734653997e-01,-2.0250350988927153e+00,-3.2454123646451789e+00,
4.4942547705224822e-02,-1.0437603310764482e-01,9.9999999990738730e-01,0.0000000000000000e+00,-4.4110526805427597e-03,-1.4041302070025552e+00,8.9507419620623044e-02,
1.8551673984014558e-02,-6.7185972487414009e-02,9.9999999993056676e-01,0.0000000000000000e+00,-2.0818802570761186e-03,-2.8780603823191431e-01,2.6026380477363364e+00,
6.8159380703620084e-03,-2.3873768849476461e-02,9.9999999997092348e-01,0.0000000000000000e+00,-3.4946996408291575e-04,-7.2863598968425425e-02,5.0555290972693054e+00,

32,7
6.2021961397892254e-03,-2.1560461033111536e-04,1.0000000014685770e+00,0.0000000000000000e+00,2.4896682854278623e-04,-1.2332766928672530e-02,9.8088605102218356e+00,
4.1274807674565595e-03,3.2409632208895713e-03,1.0000000010867176e+00,0.0000000000000000e+00,2.5514792491507232e-06,-7.9125396638774978e-05,9.7896154793611672e+00,
7.3546567832555544e-03,1.9732140250839796e-03,1.0000000002281451e+00,0.0000000000000000e+00,1.2589045697174910e-06,-4.2616927131455609e-03,9.7965223595345847e+00,
7.6692035078688532e-03,-6.1934522995111743e-05,1.0000000005577157e+00,0.0000000000000000e+00,1.7416910288812343e-06,-1.0242102029564822e-02,9.8048054204739827e+00,
-2.6418396235751264e-03,-1.4160717582053998e-03,1.0007398756683799e+00,0.0000000000000000e+00,3.7978259572429396e-02,6.3386753285700803e-01,-7.3917457140068841e+00,
-9.3241613314671030e-03,-5.4024599354858885e-02,1.0613672668198066e+00,4.1401920419623031e-08,3.2266339928721255e+00,3.0639825605992428e+00,-4.8318791402828190e+00,
1.2022675194500032e-01,2.4316936900988101e-01,1.4298753897917376e+00,2.0377757502251997e-01,3.5784662973472152e+01,1.1055664955018219e+01,-3.2799710513834732e+00,
7.6830092171762232e-01,2.5734468415919282e-01,1.9999851915346480e+00,1.0000055334607907e+00,4.3829589767026796e+01,2.1972166352806921e+00,6.9834378144348408e-01,
6.2092463162939437e-01,-7.9344770974816098e-02,1.9324362380231399e+00,9.7242108024003837e-01,1.5434543411726462e+01,-3.3976605357205170e-01,2.7000182168243740e+00,
7.4679193206834318e-02,-2.7099640023619954e-02,1.0000000004280301e+00,0.0000000000000000e+00,6.8852460737734433e-03,-7.3145250049921229e-02,4.9633010290493242e+00,
1.8232794562816634e-02,-8.5184314784228724e-03,1.0000000002478593e+00,0.0000000000000000e+00,1.1315449213778472e-03,-2.1714623022266219e-02,7.3686464098919888e+00,
-3.8593844669684933e-04,1.2283782482672589e-02,1.0000000003986869e+00,0.0000000000000000e+00,9.3527869336584857e-05,1.9886504370387637e-02,-7.4615052436200102e+00,
-3.7575344696550540e-04,2.7703317730547568e-02,1.0000000002798066e+00,0.0000000000000000e+00,1.2429144903158829e-04,2.1436678278182020e-02,-5.0100486139406044e+00,
-7.9646061202101265e-05,4.0803121039631414e-02,1.0000000002710521e+00,0.0000000000000000e+00,6.4327167069166968e-05,2.0048909012341687e-02,-2.5481940376115935e+00,
1.2212751083551254e-02,4.1215935731682696e-02,1.0000000002387179e+00,0.0000000000000000e+00,1.8123062409389603e-05,3.1224652331984654e-03,-7.2336076720586340e-02,
1.4744102865092076e-02,3.2847269010168323e-02,1.0000000003857081e+00,0.0000000000000000e+00,1.3649177428243231e-04,-3.8905631996331846e-04,2.4117657392443319e+00,
1.3467581045258295e-02,1.8083376528073587e-02,1.0000000005501006e+00,0.0000000000000000e+00,1.2485404716428006e-04,-2.3444515674369074e-04,4.8804760162782550e+00,
7.9434856763841814e-03,8.7361453242443040e-03,1.0000000007364922e+00,0.0000000000000000e+00,3.1419985415337415e-05,-1.1582493094957139e-04,7.3377443348011138e+00,
-1.4295976857783164e-02,1.1185801250307608e-02,1.0000000002313671e+00,0.0000000000000000e+00,2.9209636681219731e-04,7.5821538420677598e-02,-7.4589295171716028e+00,
-1.6453576247355470e-02,3.0605136749475653e-02,1.0000000052199074e+00,0.0000000000000000e+00,1.2170906988534513e-03,1.1786742705008890e-01,-5.0166693689788753e+00,
-3.8127979911661315e-03,8.6593297908690567e-02,1.0000000052892093e+00,0.0000000000000000e+00,1.2969026362075198e-03,1.1942557830812972e-01,-2.5589183173600469e+00,
5.9796023895600320e-02,8.9739258077462206e-02,1.0000000002087830e+00,0.0000000000000000e+00,1.1229012515534542e-03,2.7518508348403636e-02,-7.2375217844850709e-02,
6.1588407777236717e-02,4.5628288202903336e-02,1.0000000000110796e+00,0.0000000000000000e+00,1.6454884356897903e-03,-1.9291018659528092e-02,2.4442750430139304e+00,
4.0428190220684598e-02,1.6096690804293275e-02,1.0000000000038898e+00,0.0000000000000000e+00,4.5907249298700326e-04,-1.1923749927562594e-02,4.9007461785487401e+00,
1.7034082107225356e-02,6.1354393877634701e-03,1.0000000000236666e+00,0.0000000000000000e+00,3.3068651149187334e-05,-6.1159131326767729e-03,7.3478326501273301e+00,
-2.8905194718658486e-02,6.2297553083569995e-04,1.0000078617905088e+00,0.0000000000000000e+00,2.2356704445400943e-03,2.4672380082020862e-01,-7.4307388662406115e+00,
-4.1867793096561731e-02,2.8941859711274099e-02,1.0013222164547915e+00,3.6897721808831525e-16,4.8223092437130277e-01,8.5792314760731925e-01,-5.0118110413983983e+00,
-2.2171086967775925e-02,3.7148833662649938e-01,1.0016759089668654e+00,6.3525734477179467e-06,7.4470476059668442e+00,1.7234555477658811e+00,-2.6281633468806982e+00,
5.3231346186377204e-01,5.2548841919519762e-01,1.0011030589002230e+00,2.7344512725284827e-04,2.0288018858803547e+01,8.7437396547730462e-01,9.4758674081170335e-02,
3.6710140948417214e-01,4.7482667339251848e-02,1.0000000032168430e+00,3.2015923406033920e-21,3.4160796897780843e-02,-9.0895088739028670e-02,2.5608845834207763e+00,
7.4403640617291253e-02,1.5308889748011061e-04,1.0000000002330749e+00,0.0000000000000000e+00,4.7103850909965828e-04,-3.7581407217819995e-02,4.9379456614468733e+00,
1.9994720116563659e-02,-2.1962234713376132e-03,1.0000000001979470e+00,0.0000000000000000e+00,-3.2297692609782602e-05,-1.5844598374234173e-02,7.3613944050961608e+00,

