1
1
7
0
(8 0
((0,160) (11,171) (0,0))
((12,160) (27,171) (0,0))
((0,204) (11,219) (0,0))
((0,188) (11,203) (0,0))
((0,172) (11,187) (0,0))
((12,204) (27,219) (0,0))
((12,188) (27,203) (0,0))
((12,172) (27,187) (0,0))
)
8
FabOnDisk: Cell_D_00002 0
FabOnDisk: Cell_D_00002 8149
FabOnDisk: Cell_D_00001 0
FabOnDisk: Cell_D_00000 0
FabOnDisk: Cell_D_00003 0
FabOnDisk: Cell_D_00001 10837
FabOnDisk: Cell_D_00000 10837
FabOnDisk: Cell_D_00003 10837

8,7
-2.7723234035618497e-02,-6.3148609794944988e-01,1.2223934834589771e+00,4.2565665498356170e-03,-1.2967847392412948e+00,-7.9752843048200237e+00,-3.1290181645619257e+00,
1.6437049572181301e-02,-6.2095848040906965e-01,1.0010915104216196e+00,-1.4319487776968263e-11,1.0904149622681292e-01,-1.9798396724347889e+00,-3.2409644078832138e+00,
-1.6762503363446415e-01,-6.7439977673711038e-01,1.0252188016779855e+00,-3.9002834452001655e-06,-9.2857277885823053e-01,6.9364158780764670e-02,-7.2599741948414973e+00,
-2.2720455046549869e-02,-6.7536143409143168e-01,1.8501883111410673e+00,9.9998771996407232e-01,1.2984861223629823e-04,-1.1653966492544876e-01,-6.1265004638720999e+00,
7.3837085489635360e-04,-6.5549373312847770e-01,1.9836507636706391e+00,9.9999999658242134e-01,4.8131441183735246e-05,-1.3333317832104663e-01,-4.6771988751657227e+00,
-2.4573531747470395e-01,-6.1992739817094344e-01,1.0009837126247687e+00,-5.1638729576031087e-03,8.1819833237007256e-02,4.4484174047829583e-01,-7.2316894538967480e+00,
-2.2559459148495759e-01,-6.6260121263951821e-01,1.0516897886178538e+00,-3.0999093246805330e-04,1.0188707514491235e-01,-9.4956550571211329e-02,-6.1265871933050384e+00,
-1.0913926476186961e-02,-6.5401134153504648e-01,1.0654536468255487e+00,-2.4938179255417806e-04,8.3532858592655468e-02,-1.0952360923469240e+00,-4.7092957168228491e+00,

8,7
1.6742362995670435e-01,-4.3284822190492378e-01,1.9967795873978667e+00,1.0060343116637760e+00,6.4586548375617312e+00,1.2667217100203396e+00,-2.0688533804944296e+00,
2.6663419336331234e-01,-1.0131916127624182e-02,1.9685293974149076e+00,1.0072381057655606e+00,1.2283552475402853e+01,-1.6686612829149594e-01,-2.1476613062626071e+00,
1.2544780266525011e-02,-2.7443347363569676e-01,1.9394285598953342e+00,1.0000004253193842e+00,5.2588616920245270e+00,6.7242191069812609e+00,-6.2064539591129506e+00,
8.5683659162220649e-03,-6.4430969782712666e-01,1.9999645814483442e+00,1.0000002208739165e+00,2.5563473655110132e+00,2.5129306529050144e-01,-4.7590064477525287e+00,
1.2051632355556034e-02,-6.2755610462784284e-01,1.9999906949859088e+00,1.0000000013120880e+00,4.4442970264829085e-01,-6.3057398450849400e-02,-3.2159052988647394e+00,
-4.4165779005426890e-02,-3.0525812470437882e-02,1.7558976101347152e+00,9.9886398512611341e-01,8.9904749811945894e+00,1.8446285597093919e+00,-6.0790739417314761e+00,
1.1048635089051299e-02,-3.1219405988525021e-02,1.9972949153603783e+00,1.0000000838464387e+00,1.3453097368218710e+01,1.1827019443081195e+00,-4.7733843051597704e+00,
2.1692151018777617e-01,-1.6368036213924721e-02,1.9978780493664929e+00,1.0000062881270164e+00,1.3758721306007558e+01,7.1113776466691259e-02,-3.2300022654804916e+00,

