1
1
5
0
(4 0
((0,0) (15,15) (0,0))
((0,16) (15,31) (0,0))
((16,0) (31,15) (0,0))
((16,16) (31,31) (0,0))
)
4
FabOnDisk: Cell_D_00000 0
FabOnDisk: Cell_D_00002 0
FabOnDisk: Cell_D_00001 0
FabOnDisk: Cell_D_00003 0

4,5
-1.0294998182054449e+00,-3.9663541778768262e-02,9.9999999988506272e-01,-7.2439166185747904e-05,-1.9833219355871297e+01,
-1.0658837010959470e+00,-3.3521285431638917e-02,9.9999999987424970e-01,-1.0029908764564569e-04,-3.1410303291270325e-01,
-1.0606151991280448e+00,-8.8582017054763137e-02,9.9999999980196519e-01,-8.4002590263325700e-03,-1.9674190810641466e+01,
-1.0361538984908176e+00,-9.3530847641354081e-02,9.9999999978514054e-01,-3.0001573521607526e-03,-3.1346464454010425e-01,

4,5
1.0670531507280021e+00,8.9557997424576527e-02,1.0000000001755531e+00,2.0938606475009218e-02,3.1369369730561913e-01,
1.0279133466095012e+00,9.1109133041047743e-02,1.0000000001644485e+00,2.1512036402524994e-02,2.0047292383218764e+01,
1.0356549435212021e+00,3.3607815077758445e-02,1.0000000002251030e+00,1.0000559535526083e+00,3.1459704204400829e-01,
1.0621048461514921e+00,3.3230784072861473e-02,1.0000000002001594e+00,1.0118048319493240e+00,2.0255722510144853e+01,

