1
1
7
0
(8 0
((0,132) (15,143) (0,0))
((16,132) (31,143) (0,0))
((0,168) (15,183) (0,0))
((0,156) (15,167) (0,0))
((0,144) (15,155) (0,0))
((16,168) (31,183) (0,0))
((16,156) (31,167) (0,0))
((16,144) (31,155) (0,0))
)
8
FabOnDisk: Cell_D_00002 0
FabOnDisk: Cell_D_00002 10837
FabOnDisk: Cell_D_00001 0
FabOnDisk: Cell_D_00000 0
FabOnDisk: Cell_D_00000 10837
FabOnDisk: Cell_D_00001 14421
FabOnDisk: Cell_D_00003 0
FabOnDisk: Cell_D_00003 10838

8,7
-1.7681461746466030e-02,-1.2298841691439426e+00,1.0000055554980694e+00,9.7592827154587470e-08,-2.9831963466848022e-01,-1.5116412706877080e+01,-8.5710191314579054e-01,
1.6105475755123641e-01,-1.1287214959923872e+00,1.0000000200861474e+00,-1.2811466292351539e-23,-9.9369620282523385e-02,-4.7376203756282038e+00,-1.1197353748788141e+00,
-3.4941961480889161e-01,-1.7996677699211090e+00,1.1885717098272606e+00,-7.0182325659888731e-03,-1.6788256828052557e+00,-3.5181861742578397e+00,-4.6112259955113428e+00,
1.0545755443779302e-02,-1.7169881035737760e+00,1.8410887479745326e+00,9.9991488011579044e-01,-1.2273072062530255e-02,-1.9481199469462034e+00,-3.8254482026421774e+00,
7.2364797691897740e-03,-1.4329222550141520e+00,1.9740663410831412e+00,9.9999999808674922e-01,-1.2239518347594958e-02,-1.5689845801924560e+00,-2.4216340680069441e+00,
-4.9373718606323047e-01,-1.5474655141348876e+00,1.0062689503497595e+00,-2.3068298404344972e-05,2.9807869781284877e+00,-6.3309310739920210e-01,-4.6216455144824105e+00,
-1.9175192747626257e-01,-1.5494731807395916e+00,1.0032678948906886e+00,6.8295657382972203e-06,8.5925169484839259e-01,-1.7540204430263469e+00,-3.9974581657087986e+00,
1.3473483634129374e-01,-1.3732063462797000e+00,1.0000105810493687e+00,1.4303935426964759e-13,8.0727578712896708e-02,-3.4852873699587441e+00,-2.6345436896432934e+00,

8,7
5.3393289529656651e-01,-4.9794170744821192e-01,1.9984106053325916e+00,1.0000390240883479e+00,2.4251446963768764e+01,3.2780932586152289e-01,4.2451313974653759e-01,
6.7575089239667518e-01,2.1340780918763361e-02,1.9443802889242787e+00,1.0000715388261656e+00,3.4400401382035511e+01,-1.1704148233077207e+00,1.7202249969479871e-01,
9.6628025627866224e-02,-1.1247499855640362e+00,1.9229631627097594e+00,9.9999878560572941e-01,1.1353154939832486e+01,2.7162854530359354e+01,-3.6899935069514096e+00,
1.7514637094965252e-01,-1.4020852693463401e+00,1.9999480828343288e+00,1.0000000300830556e+00,6.8261380721891802e+00,-9.0026019608291508e-01,-2.3981936031127695e+00,
1.5366122309311356e-01,-1.1809784343364922e+00,1.9999895552675986e+00,1.0000074654119731e+00,3.1881661338213565e+00,-6.2263219803385561e-01,-9.1242161784434084e-01,
7.9278967180065441e-02,2.6701266957992675e-01,1.7686686788006214e+00,9.9882950440382334e-01,3.1795233805957132e+01,2.8648640218893284e+00,-3.7742014502418924e+00,
3.3265120207992555e-01,3.4402088547927312e-01,1.9933091085721291e+00,1.0000000019492574e+00,4.2012688513710586e+01,9.2939464085162804e-01,-2.5669994340134248e+00,
6.7067989614583556e-01,3.2969144914883536e-01,1.9943736424163345e+00,1.0001344287962584e+00,4.2072331104356358e+01,-1.0375111419755925e+00,-9.9887805314098754e-01,

