1
1
7
0
(8 0
((0,144) (15,151) (0,0))
((16,144) (31,151) (0,0))
((0,184) (15,199) (0,0))
((0,168) (15,183) (0,0))
((0,152) (15,167) (0,0))
((16,184) (31,199) (0,0))
((16,168) (31,183) (0,0))
((16,152) (31,167) (0,0))
)
8
FabOnDisk: Cell_D_00000 0
FabOnDisk: Cell_D_00003 0
FabOnDisk: Cell_D_00002 0
FabOnDisk: Cell_D_00001 0
FabOnDisk: Cell_D_00000 7253
FabOnDisk: Cell_D_00002 14421
FabOnDisk: Cell_D_00001 14421
FabOnDisk: Cell_D_00003 7254

8,7
-2.1493840494662610e-02,-1.0126822846355072e+00,1.0006527441165678e+00,1.3987700597666286e-07,-5.7929281100833929e-01,-1.3445973382517806e+01,-1.4153520525634411e+00,
2.2052558551452467e-01,-7.1262300098171216e-01,1.0000016195169421e+00,-2.3260811413778683e-18,-2.6109909253763330e-02,-3.6927218199630616e+00,-1.6961897729793058e+00,
-3.2261237450996788e-01,-1.3460280621555165e+00,1.1259832598580330e+00,-1.0959919474819007e-02,-1.4172550521467562e+00,-1.8321216913233676e+00,-5.7042880743429505e+00,
4.7671501095490230e-03,-1.3165196724057351e+00,1.8367121220578901e+00,9.9996485881097952e-01,-2.6729482186514941e-03,-8.3838512634332063e-01,-4.7903655427284111e+00,
4.0221611295575693e-03,-1.1508295277545886e+00,1.7500733013878373e+00,9.9280524474082843e-01,-2.6599211541900591e-03,-1.5874223730113872e+00,-3.2280207430483783e+00,
-3.9946101493718517e-01,-1.1608440772345949e+00,1.0056281840650401e+00,-4.0473919230241866e-03,1.2975799107220340e+00,2.0174621440757567e-01,-5.7039743543541128e+00,
-2.6256677547720364e-01,-1.2086457667591894e+00,1.0212919830426386e+00,-1.2988805525570457e-04,8.5768448913770090e-01,-9.5858680288515785e-01,-4.8292477415812058e+00,
7.6174182475353069e-02,-1.1262218014505088e+00,1.0000586854224824e+00,-1.8031725260089622e-18,5.3050149301895999e-02,-3.1590877109598310e+00,-3.3432846258111049e+00,

8,7
4.3765762580189371e-01,-4.1664123123459185e-01,1.9743684288410084e+00,1.0000269509188346e+00,1.8697577234144074e+01,8.8535556571148843e-01,-6.4589995027598501e-01,
5.1475145224048124e-01,-1.2517391649054053e-02,1.4629081461458824e+00,3.7529235273330291e-01,2.0358759208720038e+01,-9.4823982221453162e-01,-8.6935561495173252e-01,
5.4105505547819219e-02,-6.8352945004017651e-01,1.9686035170010876e+00,1.0000001219208197e+00,1.0476537267790386e+01,1.8655218716221853e+01,-4.7678844520333179e+00,
7.6585424344539868e-02,-1.1417319464609001e+00,1.9999899738140972e+00,1.0000000261896491e+00,6.2244487941915114e+00,-1.0299930651846623e-01,-3.2527423096608148e+00,
1.9644009455982356e-01,-8.5719304427013365e-01,1.9999903992950878e+00,1.0008575955706327e+00,1.3987879063760687e+01,-3.4521182349518220e-01,-1.4472370079906034e+00,
-2.7386096734549240e-02,1.3082338688310327e-01,1.7502822093275465e+00,9.9852162664550104e-01,1.8928886148223782e+01,2.6860078418475268e+00,-4.6884613761255967e+00,
2.0263326915057581e-01,2.2533688307549207e-01,1.9902110253858707e+00,1.0000000030904257e+00,2.7832782505803291e+01,1.2371078228909358e+00,-3.3473512966242609e+00,
5.1804242914291987e-01,2.2358385532299424e-01,1.9902269038852756e+00,1.0010776972980495e+00,2.8257798117982063e+01,-5.8587852315657241e-01,-1.5365924976229790e+00,

