1
1
7
0
(32 0
((0,0) (15,15) (0,0))
((48,0) (63,15) (0,0))
((32,0) (47,15) (0,0))
((16,0) (31,15) (0,0))
((0,112) (15,127) (0,0))
((0,96) (15,111) (0,0))
((0,80) (15,95) (0,0))
((0,64) (15,79) (0,0))
((0,48) (15,63) (0,0))
((0,32) (15,47) (0,0))
((0,16) (15,31) (0,0))
((48,112) (63,127) (0,0))
((48,96) (63,111) (0,0))
((48,80) (63,95) (0,0))
((48,64) (63,79) (0,0))
((48,48) (63,63) (0,0))
((48,32) (63,47) (0,0))
((48,16) (63,31) (0,0))
((32,112) (47,127) (0,0))
((32,96) (47,111) (0,0))
((32,80) (47,95) (0,0))
((32,64) (47,79) (0,0))
((32,48) (47,63) (0,0))
((32,32) (47,47) (0,0))
((32,16) (47,31) (0,0))
((16,112) (31,127) (0,0))
((16,96) (31,111) (0,0))
((16,80) (31,95) (0,0))
((16,64) (31,79) (0,0))
((16,48) (31,63) (0,0))
((16,32) (31,47) (0,0))
((16,16) (31,31) (0,0))
)
32
FabOnDisk: Cell_D_00000 0
FabOnDisk: Cell_D_00000 14418
FabOnDisk: Cell_D_00000 28837
FabOnDisk: Cell_D_00000 43256
FabOnDisk: Cell_D_00003 0
FabOnDisk: Cell_D_00003 14421
FabOnDisk: Cell_D_00002 0
FabOnDisk: Cell_D_00002 14419
FabOnDisk: Cell_D_00001 0
FabOnDisk: Cell_D_00001 14419
FabOnDisk: Cell_D_00000 57675
FabOnDisk: Cell_D_00003 28841
FabOnDisk: Cell_D_00003 43263
FabOnDisk: Cell_D_00002 28838
FabOnDisk: Cell_D_00002 43258
FabOnDisk: Cell_D_00001 28838
FabOnDisk: Cell_D_00001 43258
FabOnDisk: Cell_D_00000 72094
FabOnDisk: Cell_D_00003 57684
FabOnDisk: Cell_D_00003 72106
FabOnDisk: Cell_D_00002 57678
FabOnDisk: Cell_D_00002 72098
FabOnDisk: Cell_D_00001 57678
FabOnDisk: Cell_D_00001 72098
FabOnDisk: Cell_D_00000 86514
FabOnDisk: Cell_D_00003 86527
FabOnDisk: Cell_D_00003 100949
FabOnDisk: Cell_D_00002 86518
FabOnDisk: Cell_D_00002 100938
FabOnDisk: Cell_D_00001 86518
FabOnDisk: Cell_D_00001 100938
FabOnDisk: Cell_D_00000 100934

32,7
0.0000000000000000e+00,0.0000000000000000e+00,1.0000000000000000e+00,0.0000000000000000e+00,0.0000000000000000e+00,0.0000000000000000e+00,7.4460375408728599e+00,
0.0000000000000000e+00,0.0000000000000000e+00,1.0000000000000000e+00,0.0000000000000000e+00,0.0000000000000000e+00,0.0000000000000000e+00,7.4434599111992492e+00,
0.0000000000000000e+00,0.0000000000000000e+00,1.0000000000000000e+00,0.0000000000000000e+00,0.0000000000000000e+00,0.0000000000000000e+00,7.4438631704866562e+00,
0.0000000000000000e+00,0.0000000000000000e+00,1.0000000000000000e+00,0.0000000000000000e+00,0.0000000000000000e+00,0.0000000000000000e+00,7.4449018680305601e+00,
0.0000000000000000e+00,0.0000000000000000e+00,1.0000000008273502e+00,0.0000000000000000e+00,0.0000000000000000e+00,0.0000000000000000e+00,-9.9407698747250350e+00,
0.0000000000000000e+00,0.0000000000000000e+00,1.0001934513886821e+00,0.0000000000000000e+00,0.0000000000000000e+00,0.0000000000000000e+00,-7.6303671564759039e+00,
0.0000000000000000e+00,0.0000000000000000e+00,1.0001934513886821e+00,0.0000000000000000e+00,0.0000000000000000e+00,0.0000000000000000e+00,-4.8374168927567354e+00,
0.0000000000000000e+00,0.0000000000000000e+00,1.0000000008273502e+00,0.0000000000000000e+00,0.0000000000000000e+00,0.0000000000000000e+00,-2.2763901166067657e+00,
0.0000000000000000e+00,0.0000000000000000e+00,1.0000000000000007e+00,0.0000000000000000e+00,0.0000000000000000e+00,0.0000000000000000e+00,1.2474447729859522e-01,
0.0000000000000000e+00,0.0000000000000000e+00,1.0000000000000000e+00,0.0000000000000000e+00,0.0000000000000000e+00,0.0000000000000000e+00,2.5551757596542868e+00,
0.0000000000000000e+00,0.0000000000000000e+00,1.0000000000000000e+00,0.0000000000000000e+00,0.0000000000000000e+00,0.0000000000000000e+00,4.9983821921609906e+00,
0.0000000000000000e+00,0.0000000000000000e+00,1.0000000000000000e+00,0.0000000000000000e+00,0.0000000000000000e+00,0.0000000000000000e+00,-9.7658833644479195e+00,
0.0000000000000000e+00,0.0000000000000000e+00,1.0000000000000000e+00,0.0000000000000000e+00,0.0000000000000000e+00,0.0000000000000000e+00,-7.3091327759722393e+00,
0.0000000000000000e+00,0.0000000000000000e+00,1.0000000000000000e+00,0.0000000000000000e+00,0.0000000000000000e+00,0.0000000000000000e+00,-4.8420505988234588e+00,
0.0000000000000000e+00,0.0000000000000000e+00,1.0000000000000000e+00,0.0000000000000000e+00,0.0000000000000000e+00,0.0000000000000000e+00,-2.3767223704363891e+00,
0.0000000000000000e+00,0.0000000000000000e+00,1.0000000000000000e+00,0.0000000000000000e+00,0.0000000000000000e+00,0.0000000000000000e+00,8.3953591159332153e-02,
0.0000000000000000e+00,0.0000000000000000e+00,1.0000000000000000e+00,0.0000000000000000e+00,0.0000000000000000e+00,0.0000000000000000e+00,2.5397709134912816e+00,
0.0000000000000000e+00,0.0000000000000000e+00,1.0000000000000000e+00,0.0000000000000000e+00,0.0000000000000000e+00,0.0000000000000000e+00,4.9924153019939883e+00,
0.0000000000000000e+00,0.0000000000000000e+00,1.0000000000000000e+00,0.0000000000000000e+00,0.0000000000000000e+00,0.0000000000000000e+00,-9.7895067195988545e+00,
0.0000000000000000e+00,0.0000000000000000e+00,1.0000000000000007e+00,0.0000000000000000e+00,0.0000000000000000e+00,0.0000000000000000e+00,-7.3302053893222752e+00,
0.0000000000000000e+00,0.0000000000000000e+00,1.0000000000000007e+00,0.0000000000000000e+00,0.0000000000000000e+00,0.0000000000000000e+00,-4.8435415513643418e+00,
0.0000000000000000e+00,0.0000000000000000e+00,1.0000000000000000e+00,0.0000000000000000e+00,0.0000000000000000e+00,0.0000000000000000e+00,-2.3737274877820314e+00,
0.0000000000000000e+00,0.0000000000000000e+00,1.0000000000000000e+00,0.0000000000000000e+00,0.0000000000000000e+00,0.0000000000000000e+00,8.7050333581560696e-02,
0.0000000000000000e+00,0.0000000000000000e+00,1.0000000000000000e+00,0.0000000000000000e+00,0.0000000000000000e+00,0.0000000000000000e+00,2.5415799117152322e+00,
0.0000000000000000e+00,0.0000000000000000e+00,1.0000000000000000e+00,0.0000000000000000e+00,0.0000000000000000e+00,0.0000000000000000e+00,4.9932683831044233e+00,
0.0000000000000000e+00,0.0000000000000000e+00,1.0000000000001186e+00,0.0000000000000000e+00,0.0000000000000000e+00,0.0000000000000000e+00,-9.8421546298981664e+00,
0.0000000000000000e+00,0.0000000000000000e+00,1.0000000008273502e+00,0.0000000000000000e+00,0.0000000000000000e+00,0.0000000000000000e+00,-7.4162855149730493e+00,
0.0000000000000000e+00,0.0000000000000000e+00,1.0000000008273502e+00,0.0000000000000000e+00,0.0000000000000000e+00,0.0000000000000000e+00,-4.8437062901830981e+00,
0.0000000000000000e+00,0.0000000000000000e+00,1.0000000000001186e+00,0.0000000000000000e+00,0.0000000000000000e+00,0.0000000000000000e+00,-2.3572747860966650e+00,
0.0000000000000000e+00,0.0000000000000000e+00,1.0000000000000000e+00,0.0000000000000000e+00,0.0000000000000000e+00,0.0000000000000000e+00,9.9024900238250724e-02,
0.0000000000000000e+00,0.0000000000000000e+00,1.0000000000000000e+00,0.0000000000000000e+00,0.0000000000000000e+00,0.0000000000000000e+00,2.5471612141055147e+00,
0.0000000000000000e+00,0.0000000000000000e+00,1.0000000000000000e+00,0.0000000000000000e+00,0.0000000000000000e+00,0.0000000000000000e+00,4.9956014113215010e+00,

32,7
0.0000000000000000e+00,0.0000000000000000e+00,1.0000000000000000e+00,0.0000000000000000e+00,0.0000000000000000e+00,0.0000000000000000e+00,9.7961448877383841e+00,
0.0000000000000000e+00,0.0000000000000000e+00,1.0000000000000000e+00,0.0000000000000000e+00,0.0000000000000000e+00,0.0000000000000000e+00,9.7408468445351986e+00,
0.0000000000000000e+00,0.0000000000000000e+00,1.0000000000000000e+00,0.0000000000000000e+00,0.0000000000000000e+00,0.0000000000000000e+00,9.7415444981011916e+00,
0.0000000000000000e+00,0.0000000000000000e+00,1.0000000000000000e+00,0.0000000000000000e+00,0.0000000000000000e+00,0.0000000000000000e+00,9.7423149467390573e+00,
0.0000000000000000e+00,0.0000000000000000e+00,1.0300072190039522e+00,0.0000000000000000e+00,0.0000000000000000e+00,0.0000000000000000e+00,-7.5778168917938782e+00,
0.0000000000000000e+00,0.0000000000000000e+00,1.9999862559673522e+00,1.0000000000000000e+00,0.0000000000000000e+00,0.0000000000000000e+00,-5.0114629087529572e+00,
0.0000000000000000e+00,0.0000000000000000e+00,1.9999862559673522e+00,1.0000000000000000e+00,0.0000000000000000e+00,0.0000000000000000e+00,-2.2285362943903646e+00,
0.0000000000000000e+00,0.0000000000000000e+00,1.0300072190039522e+00,0.0000000000000000e+00,0.0000000000000000e+00,0.0000000000000000e+00,-4.8375951759467503e-03,
0.0000000000000000e+00,0.0000000000000000e+00,1.0000000094963761e+00,0.0000000000000000e+00,0.0000000000000000e+00,0.0000000000000000e+00,2.4073035818894413e+00,
0.0000000000000000e+00,0.0000000000000000e+00,1.0000000000000029e+00,0.0000000000000000e+00,0.0000000000000000e+00,0.0000000000000000e+00,4.8468520051522992e+00,
0.0000000000000000e+00,0.0000000000000000e+00,1.0000000000000000e+00,0.0000000000000000e+00,0.0000000000000000e+00,0.0000000000000000e+00,7.2935048576959662e+00,
0.0000000000000000e+00,0.0000000000000000e+00,1.0000000000000002e+00,0.0000000000000000e+00,0.0000000000000000e+00,0.0000000000000000e+00,-7.4584403408006281e+00,
0.0000000000000000e+00,0.0000000000000000e+00,1.0000000000000029e+00,0.0000000000000000e+00,0.0000000000000000e+00,0.0000000000000000e+00,-4.9954882924250787e+00,
0.0000000000000000e+00,0.0000000000000000e+00,1.0000000000000029e+00,0.0000000000000000e+00,0.0000000000000000e+00,0.0000000000000000e+00,-2.5282028445214850e+00,
0.0000000000000000e+00,0.0000000000000000e+00,1.0000000000000002e+00,0.0000000000000000e+00,0.0000000000000000e+00,0.0000000000000000e+00,-6.6929580190009455e-02,
0.0000000000000000e+00,0.0000000000000000e+00,1.0000000000000000e+00,0.0000000000000000e+00,0.0000000000000000e+00,0.0000000000000000e+00,2.3880519297495693e+00,
0.0000000000000000e+00,0.0000000000000000e+00,1.0000000000000000e+00,0.0000000000000000e+00,0.0000000000000000e+00,0.0000000000000000e+00,4.8399744481369451e+00,
0.0000000000000000e+00,0.0000000000000000e+00,1.0000000000000000e+00,0.0000000000000000e+00,0.0000000000000000e+00,0.0000000000000000e+00,7.2906687359021323e+00,
0.0000000000000000e+00,0.0000000000000000e+00,1.0000000002352065e+00,0.0000000000000000e+00,0.0000000000000000e+00,0.0000000000000000e+00,-7.4637256164427441e+00,
0.0000000000000000e+00,0.0000000000000000e+00,1.0000000094963761e+00,0.0000000000000000e+00,0.0000000000000000e+00,0.0000000000000000e+00,-4.9965188538473653e+00,
0.0000000000000000e+00,0.0000000000000000e+00,1.0000000094963761e+00,0.0000000000000000e+00,0.0000000000000000e+00,0.0000000000000000e+00,-2.5135330974968828e+00,
0.0000000000000000e+00,0.0000000000000000e+00,1.0000000002352065e+00,0.0000000000000000e+00,0.0000000000000000e+00,0.0000000000000000e+00,-5.5262529622619724e-02,
0.0000000000000000e+00,0.0000000000000000e+00,1.0000000000000315e+00,0.0000000000000000e+00,0.0000000000000000e+00,0.0000000000000000e+00,2.3936824031552688e+00,
0.0000000000000000e+00,0.0000000000000000e+00,1.0000000000000000e+00,0.0000000000000000e+00,0.0000000000000000e+00,0.0000000000000000e+00,4.8423584523599583e+00,
0.0000000000000000e+00,0.0000000000000000e+00,1.0000000000000000e+00,0.0000000000000000e+00,0.0000000000000000e+00,0.0000000000000000e+00,7.2917236760173854e+00,
0.0000000000000000e+00,0.0000000000000000e+00,1.0000513848369952e+00,0.0000000000000000e+00,0.0000000000000000e+00,0.0000000000000000e+00,-7.4871044591792693e+00,
0.0000000000000000e+00,0.0000000000000000e+00,1.0300072190039522e+00,0.0000000000000000e+00,0.0000000000000000e+00,0.0000000000000000e+00,-4.9998168942449830e+00,
0.0000000000000000e+00,0.0000000000000000e+00,1.0300072190039522e+00,0.0000000000000000e+00,0.0000000000000000e+00,0.0000000000000000e+00,-2.4367271225498088e+00,
0.0000000000000000e+00,0.0000000000000000e+00,1.0000513848369952e+00,0.0000000000000000e+00,0.0000000000000000e+00,0.0000000000000000e+00,-2.8415912955367630e-02,
0.0000000000000000e+00,0.0000000000000000e+00,1.0000000002352065e+00,0.0000000000000000e+00,0.0000000000000000e+00,0.0000000000000000e+00,2.4022440309391859e+00,
0.0000000000000000e+00,0.0000000000000000e+00,1.0000000000000002e+00,0.0000000000000000e+00,0.0000000000000000e+00,0.0000000000000000e+00,4.8453449051973108e+00,
0.0000000000000000e+00,0.0000000000000000e+00,1.0000000000000000e+00,0.0000000000000000e+00,0.0000000000000000e+00,0.0000000000000000e+00,7.2929308345659640e+00,

