1
1
5
0
(4 0
((0,16) (27,31) (0,0))
((60,16) (63,23) (0,0))
((0,32) (27,39) (0,0))
((0,40) (27,51) (0,0))
)
4
FabOnDisk: Cell_D_00001 0
FabOnDisk: Cell_D_00002 0
FabOnDisk: Cell_D_00002 1364
FabOnDisk: Cell_D_00000 0

4,5
-3.9492596426005250e-01,-4.9206525041023477e-02,9.9999999956473640e-01,-1.6983889022930032e-03,-1.6851701932247586e+01,
1.6486410325758449e-01,2.5928354503708020e-02,9.9999999983808208e-01,-3.8592786638588289e-03,-1.4706932635576628e+01,
8.2110790240189468e-01,-6.3117212275030241e-02,9.9999999963397024e-01,-8.8626836629175417e-03,-3.0509635243634392e-01,
-6.6352864734276540e-01,-7.2648637980996439e-02,9.9999999949657714e-01,-2.8585491245759549e-02,-1.8192440998794801e-01,

4,5
1.1700455102767231e+00,4.2799700736720825e-01,1.0000000004404797e+00,1.0399579438551656e+00,5.9479078912716865e-02,
8.1426533777412224e-01,1.4874717372760984e-01,1.0000000005509464e+00,3.7395552574536645e-01,-2.4654949117194125e-01,
1.1480372883709273e+00,3.8372355167297056e-01,1.0000000004819749e+00,1.0005440202031830e+00,2.3683712018094880e+00,
1.1374952132758669e+00,5.0899873552324137e-01,1.0000000004238170e+00,1.0080379445441234e+00,1.9288597316831734e+01,

