1
1
5
0
(7 0
((36,8) (55,19) (0,0))
((24,20) (55,31) (0,0))
((20,32) (27,47) (0,0))
((28,32) (47,39) (0,0))
((28,40) (39,43) (0,0))
((28,44) (35,51) (0,0))
((12,48) (27,63) (0,0))
)
7
FabOnDisk: Cell_D_00000 0
FabOnDisk: Cell_D_00002 0
FabOnDisk: Cell_D_00003 0
FabOnDisk: Cell_D_00003 5204
FabOnDisk: Cell_D_00003 11688
FabOnDisk: Cell_D_00001 0
FabOnDisk: Cell_D_00001 2644

7,5
-6.9979539557069803e-01,-1.0284231321840887e+00,9.9999999926286598e-01,-9.9321641684867630e-03,-1.5923679410968351e+01,
3.4898209333845159e-01,-9.8907316586953742e-01,9.9999999921567018e-01,-2.2624073931915130e-02,-1.5312963316850668e+01,
1.6770166366793518e-01,5.7846817923547782e-02,9.9999999915402871e-01,-2.1749334164668276e-03,-6.8411004384447960e+00,
3.1790533542106225e-01,-7.6699268783813457e-01,9.9999999908224746e-01,-9.5577193794715680e-04,-4.9183771611083493e+00,
1.0878716063320150e-01,-4.6959464501123888e-01,9.9999999900886938e-01,-4.8281114201415091e-04,-1.9233632345202034e-01,
-3.6180253558570963e-01,-2.1932548090366005e-01,9.9999999905959780e-01,-2.5878151905253376e-05,-1.1247810087548071e-01,
-8.9076838219294041e-01,1.2646252627692747e-01,9.9999999929308558e-01,-1.1638175248269420e-02,-4.2251279381327578e-01,

7,5
5.6053161789862627e-01,-3.5667497204290688e-01,1.0000000005656955e+00,1.0162963261986209e+00,-1.1055343959287534e-02,
1.0319237025368755e+00,8.0267526065480732e-01,1.0000000003052680e+00,1.0312588889794980e+00,7.0032081020945807e+00,
9.4922527209293284e-01,5.3669655276454620e-01,1.0000000001166791e+00,9.9961205981153012e-01,5.1065452354834884e-01,
9.8334831538614842e-01,2.1023542819699554e-02,1.0000000002233305e+00,1.0178904102531012e+00,6.2643802279128309e+00,
5.6300637003862430e-01,3.9261304942277440e-02,1.0000000004193446e+00,1.0053640316257368e+00,6.1701796527203525e+00,
3.3504014177841301e-01,2.2294126363961592e-01,1.0000000006119023e+00,1.0011227555086526e+00,6.5232359523473038e+00,
1.3668385156185994e-01,9.3086427307356245e-01,1.0000000004902134e+00,9.9925243663226415e-01,8.4543155455959855e+00,

