1
1
5
0
(4 0
((0,0) (15,15) (0,0))
((0,16) (15,31) (0,0))
((16,0) (31,15) (0,0))
((16,16) (31,31) (0,0))
)
4
FabOnDisk: Cell_D_00000 0
FabOnDisk: Cell_D_00002 0
FabOnDisk: Cell_D_00001 0
FabOnDisk: Cell_D_00003 0

4,5
-1.1241135275208380e+00,-1.7231065556336250e-01,9.9999999958102337e-01,-1.3589066471131166e-04,-1.7993489275139332e+01,
-1.2079198691191042e+00,-1.7029058795736324e-01,9.9999999950148855e-01,-2.3427095291642847e-02,-2.9681067095034441e-01,
-1.1937357243766231e+00,-4.7644834651605600e-01,9.9999999967598152e-01,-5.3130624275628240e-03,-1.8265969502282712e+01,
-1.1853743099726295e+00,-5.0624366956949785e-01,9.9999999965274533e-01,-1.3438625970498737e-04,-2.9842961283296221e-01,

4,5
1.1830574987862665e+00,4.6882737227998850e-01,1.0000000003914675e+00,1.0243423961053961e+00,3.0713728354385461e-01,
1.1358312982367682e+00,5.0278233873605904e-01,1.0000000004752008e+00,1.0057549342610053e+00,1.8508330216749496e+01,
1.1628221305020636e+00,2.4629920031427888e-01,1.0000000005578165e+00,2.0857170747122150e-01,3.0101766315384992e-01,
1.2190427276388869e+00,2.7057180725953167e-01,1.0000000004517897e+00,3.0309705804349975e-02,1.8985190421410866e+01,

