1
1
7
0
(32 0
((0,0) (15,15) (0,0))
((48,0) (63,15) (0,0))
((32,0) (47,15) (0,0))
((16,0) (31,15) (0,0))
((0,112) (15,127) (0,0))
((0,96) (15,111) (0,0))
((0,80) (15,95) (0,0))
((0,64) (15,79) (0,0))
((0,48) (15,63) (0,0))
((0,32) (15,47) (0,0))
((0,16) (15,31) (0,0))
((48,112) (63,127) (0,0))
((48,96) (63,111) (0,0))
((48,80) (63,95) (0,0))
((48,64) (63,79) (0,0))
((48,48) (63,63) (0,0))
((48,32) (63,47) (0,0))
((48,16) (63,31) (0,0))
((32,112) (47,127) (0,0))
((32,96) (47,111) (0,0))
((32,80) (47,95) (0,0))
((32,64) (47,79) (0,0))
((32,48) (47,63) (0,0))
((32,32) (47,47) (0,0))
((32,16) (47,31) (0,0))
((16,112) (31,127) (0,0))
((16,96) (31,111) (0,0))
((16,80) (31,95) (0,0))
((16,64) (31,79) (0,0))
((16,48) (31,63) (0,0))
((16,32) (31,47) (0,0))
((16,16) (31,31) (0,0))
)
32
FabOnDisk: Cell_D_00000 0
FabOnDisk: Cell_D_00000 14418
FabOnDisk: Cell_D_00000 28837
FabOnDisk: Cell_D_00000 43256
FabOnDisk: Cell_D_00003 0
FabOnDisk: Cell_D_00003 14421
FabOnDisk: Cell_D_00002 0
FabOnDisk: Cell_D_00002 14419
FabOnDisk: Cell_D_00001 0
FabOnDisk: Cell_D_00001 14419
FabOnDisk: Cell_D_00000 57675
FabOnDisk: Cell_D_00003 28841
FabOnDisk: Cell_D_00003 43263
FabOnDisk: Cell_D_00002 28838
FabOnDisk: Cell_D_00002 43258
FabOnDisk: Cell_D_00001 28838
FabOnDisk: Cell_D_00001 43258
FabOnDisk: Cell_D_00000 72094
FabOnDisk: Cell_D_00003 57684
FabOnDisk: Cell_D_00003 72106
FabOnDisk: Cell_D_00002 57678
FabOnDisk: Cell_D_00002 72098
FabOnDisk: Cell_D_00001 57678
FabOnDisk: Cell_D_00001 72098
FabOnDisk: Cell_D_00000 86514
FabOnDisk: Cell_D_00003 86527
FabOnDisk: Cell_D_00003 100949
FabOnDisk: Cell_D_00002 86518
FabOnDisk: Cell_D_00002 100938
FabOnDisk: Cell_D_00001 86518
FabOnDisk: Cell_D_00001 100938
FabOnDisk: Cell_D_00000 100934

32,7
8.7609699417662534e-05,-3.5252275087302980e-03,9.9999999879921153e-01,0.0000000000000000e+00,-1.1230849689743490e-03,-1.1633813308435836e-02,7.4699001576273103e+00,
3.3833308532362866e-05,2.0490875793654881e-05,9.9999999900899661e-01,0.0000000000000000e+00,-2.1085934012246565e-06,-1.9817621829975630e-03,7.4615343278213100e+00,
1.1309368508251104e-03,-6.7961145736657907e-04,9.9999999915493742e-01,0.0000000000000000e+00,-1.0485491101878963e-05,-5.0208706439390342e-03,7.4627613588779180e+00,
1.3701916542326023e-03,-2.5494709636358806e-03,9.9999999880538748e-01,0.0000000000000000e+00,-1.6295355604087347e-05,-8.2024113836811630e-03,7.4660614734187094e+00,
-1.0362022432813951e-01,-2.1502857278898460e-01,9.9999999865763856e-01,0.0000000000000000e+00,-2.0186945393922073e-02,1.6785144545968367e-01,-9.7702359512591137e+00,
-3.9788303137637027e-01,-1.2987531266095216e+00,1.0000495461456538e+00,-7.9102708061014864e-03,-1.3823759770854251e+00,3.9969772864682707e-01,-7.3318020155592194e+00,
-3.8093732418820131e-01,-1.3447857928739209e+00,1.0035564151142284e+00,-1.9630884848489842e-05,-3.5044218152307793e-03,-2.3230898320678985e+00,-5.2799175556786562e+00,
-7.9827612895693525e-03,-1.0766346186623557e+00,1.0000000020114066e+00,-9.2689926085330897e-13,-6.4060647571218476e-01,-6.1398361996976734e+00,-2.3887521714633215e+00,
1.9495441497209296e-03,-2.1232180685970536e-01,9.9999998557039849e-01,0.0000000000000000e+00,-4.6269663306076902e-02,-1.0508854807194727e+00,2.1254259167853806e-01,
4.6665738126059920e-04,-4.1114136419930065e-02,9.9999999196895073e-01,0.0000000000000000e+00,-3.2465511392222243e-03,-1.3553084997389928e-01,2.6013937119355068e+00,
1.5959975609303040e-04,-1.1839325591797583e-02,9.9999999763139014e-01,0.0000000000000000e+00,-5.7329070312704331e-04,-3.3252850486828849e-02,5.0278360097066406e+00,
-1.2868265951409493e-02,3.5381565224749153e-04,9.9999999985507615e-01,0.0000000000000000e+00,-3.3018209366017932e-06,3.6986747828972322e-04,-9.7645113213307546e+00,
-1.2447530501454732e-02,1.1377764935292885e-02,9.9999999967255149e-01,0.0000000000000000e+00,-1.0147089907072693e-04,2.0750736795737204e-04,-7.3129103891439753e+00,
-6.3561776291239389e-03,1.9465862713961092e-02,9.9999999964637509e-01,0.0000000000000000e+00,-1.8599218258158468e-04,-6.1112252696119695e-03,-4.8542735420560401e+00,
1.1073678887628760e-04,1.4559043309764503e-02,9.9999999979910370e-01,0.0000000000000000e+00,-1.0413004990725283e-04,-1.2226946607775346e-02,-2.3829631477448241e+00,
1.7753149139541460e-04,6.3103151769295139e-03,9.9999999980203891e-01,0.0000000000000000e+00,-3.6950671519183145e-06,-1.2145501474861042e-02,8.7242026266844241e-02,
9.7066057420013523e-05,2.3917124238904642e-03,9.9999999980827292e-01,0.0000000000000000e+00,-3.6520053891805145e-06,-8.2189354842093221e-03,2.5510516836357073e+00,
4.8788096354144100e-05,7.9630535760351036e-04,9.9999999982621746e-01,0.0000000000000000e+00,-2.2092179569026672e-06,-4.0959561802553501e-03,5.0083978256351163e+00,
-3.9187556216888166e-02,1.3164877497494476e-04,9.9999999907999737e-01,0.0000000000000000e+00,-9.3614913196896250e-06,1.8455485504717928e-02,-9.7706206299879206e+00,
-4.2570244454852003e-02,1.0903154258205238e-02,9.9999999995279998e-01,0.0000000000000000e+00,-3.5589370783895014e-04,1.0527200316335389e-02,-7.3257800447779289e+00,
-2.9549597878519011e-02,2.4663415762853042e-02,9.9999999993969202e-01,0.0000000000000000e+00,-2.0371118630041485e-03,-5.3954927117433993e-02,-4.8828499416394138e+00,
5.7141546096780276e-03,9.0597394599917190e-03,9.9999999992834798e-01,0.0000000000000000e+00,-4.1758043336492801e-04,-7.6423767548790211e-02,-2.3877392871175429e+00,
6.9729630757378825e-03,-1.7911687294345686e-03,9.9999999992304967e-01,0.0000000000000000e+00,3.5697353101493690e-05,-6.4217747196054858e-02,9.1223104375334430e-02,
3.4826125311907086e-03,-2.1552945772116642e-03,9.9999999995295874e-01,0.0000000000000000e+00,-2.6513573426617532e-05,-2.9414049629587803e-02,2.5551167134718691e+00,
1.6632902312683513e-03,-1.6584534623465569e-03,9.9999999996463629e-01,0.0000000000000000e+00,-2.5038024871089359e-05,-1.1676304121364951e-02,5.0107643901988990e+00,
-9.4914236176191671e-02,-4.7750019083982333e-02,9.9999999720488808e-01,0.0000000000000000e+00,-9.6253585180561263e-04,6.5714874250577246e-02,-9.7723148920130161e+00,
-2.7690850359362262e-01,-5.3633309960562890e-02,1.0000000007234415e+00,-1.0500817693048204e-12,-3.2809599822636315e-04,7.5039569552314944e-02,-7.3350521809717009e+00,
-2.7350484276364295e-01,5.0665476239510135e-02,1.0000000009845353e+00,-1.5934248628714346e-10,-8.1452864367284050e-03,-1.1067783113568734e+00,-5.0757430687781966e+00,
3.2925715313597170e-02,-6.2424844001962215e-02,9.9999999991520649e-01,-6.7939311137631064e-20,-5.0158856684894282e-03,-1.1586826260697034e+00,-2.3936599550554885e+00,
1.6484364532380693e-02,-5.7159053928468526e-02,9.9999999990299693e-01,0.0000000000000000e+00,-1.4811117571780219e-03,-3.3294499135804245e-01,1.1348681327384876e-01,
6.0480026814383903e-03,-2.2724149189484861e-02,9.9999999993660438e-01,0.0000000000000000e+00,-4.4615509267864617e-04,-7.5242412818476989e-02,2.5705256371287164e+00,
2.2189204384360120e-03,-7.9908883050239191e-03,9.9999999997795830e-01,0.0000000000000000e+00,-7.8078271081999384e-05,-2.1921809347623611e-02,5.0179226956730965e+00,

32,7
2.0205282721117643e-03,-7.3487205434411422e-05,1.0000000009012635e+00,0.0000000000000000e+00,7.2788556258033404e-05,-3.8986225648633185e-03,9.7660021782358903e+00,
1.5070178223779065e-03,1.1826313445030291e-03,1.0000000010323034e+00,0.0000000000000000e+00,6.8810337263379429e-07,-2.8005956126551414e-05,9.7600033132977799e+00,
2.5495180368961721e-03,6.7306239825725550e-04,1.0000000002064877e+00,0.0000000000000000e+00,4.4025256863025153e-07,-1.5192581459249387e-03,9.7622385259515649e+00,
2.6081901326359264e-03,-2.3203960392288514e-05,1.0000000004654777e+00,0.0000000000000000e+00,5.2556482510362546e-07,-3.5492815459321060e-03,9.7647941589954037e+00,
-3.8618724991201893e-03,-1.7096144651430369e-03,1.0018912126959783e+00,0.0000000000000000e+00,6.3322727986729443e-02,1.1839762717125748e+00,-7.4522464387867018e+00,
4.3968301790981101e-02,2.4662742899414797e-02,1.5233092166900180e+00,6.7653273234377131e-01,1.1373101919367238e+01,7.0886711640671960e+00,-5.2313711376187069e+00,
4.0298190418287655e-01,1.9763975928144142e-01,1.9999874151176635e+00,1.0000292747182107e+00,2.5972324352166712e+01,2.1015460913551394e+00,-2.4221363999882457e+00,
5.1458586503342763e-01,1.0144567531123558e-01,1.9994266860436400e+00,1.0007376441926168e+00,2.3658655852969481e+01,-4.0697195107116801e-01,2.3190658723623109e-01,
9.4202013551888925e-02,-2.6058177429766082e-02,1.0000000297061182e+00,0.0000000000000000e+00,1.1485429971016647e-02,-8.4504900787058662e-02,2.4741344254569744e+00,
1.9027731587241064e-02,-8.9589452091187009e-03,1.0000000004060094e+00,0.0000000000000000e+00,1.4274592603716052e-03,-2.0086409196739576e-02,4.8810118505361810e+00,
5.4392675246094594e-03,-2.8804241808322172e-03,1.0000000001852674e+00,0.0000000000000000e+00,2.9066632324082839e-04,-6.8515113930724923e-03,7.3188549178821027e+00,
-3.2705330849549900e-04,1.1698112192215037e-02,1.0000000005042924e+00,0.0000000000000000e+00,7.7618396089940145e-05,1.6983816986199218e-02,-7.4626778887488534e+00,
-1.6929421292892174e-04,2.3467834366859029e-02,1.0000000003934126e+00,0.0000000000000000e+00,7.5997163229424292e-05,1.6503644403891515e-02,-5.0034074575969898e+00,
4.5263674726499616e-03,2.5958368129965353e-02,1.0000000001729468e+00,0.0000000000000000e+00,1.2514797093498339e-05,8.5134454270210935e-03,-2.5363082081185881e+00,
9.1891335016547736e-03,2.4056704401187661e-02,1.0000000005617944e+00,0.0000000000000000e+00,8.0755436389579049e-05,-1.5925093203222711e-04,-6.3682469844545730e-02,
9.1434438605547310e-03,1.4124985136843841e-02,1.0000000006870733e+00,0.0000000000000000e+00,8.5312160562789341e-05,-1.8710849347903027e-04,2.4008920150458284e+00,
6.2367217665974441e-03,7.5070263162006403e-03,1.0000000007772372e+00,0.0000000000000000e+00,3.8831144557466279e-05,-9.0102901331112067e-05,4.8571283535248240e+00,
3.1142946227386871e-03,3.3224901021862477e-03,1.0000000007796628e+00,0.0000000000000000e+00,3.8702618395669575e-06,-4.1756135371211200e-05,7.3094178689418179e+00,
-1.3645013238166541e-02,1.2137512267968787e-02,1.0000000003206597e+00,0.0000000000000000e+00,6.6938454755455234e-04,7.7106487955733827e-02,-7.4667635905281475e+00,
-7.6976429968622596e-03,4.5533558976257105e-02,1.0000000079137719e+00,0.0000000000000000e+00,9.3986585733629724e-04,8.4460099109681996e-02,-5.0090701226571701e+00,
2.6543833251996548e-02,5.7571311715867865e-02,1.0000000080703371e+00,0.0000000000000000e+00,-1.3157830641324919e-04,5.9817953311572358e-02,-2.5378928160449901e+00,
3.8408921237545482e-02,4.5209128248030570e-02,1.0000000002846254e+00,0.0000000000000000e+00,9.5646572122165541e-04,-7.8672195665238920e-03,-4.3786712004868070e-02,
3.2649971204605992e-02,1.3923511842348515e-02,1.0000000000134921e+00,0.0000000000000000e+00,6.5081845941805661e-04,-9.3827176794779310e-03,2.4159683994281647e+00,
1.4994715406701661e-02,5.7115577241794776e-03,1.0000000000123130e+00,0.0000000000000000e+00,5.3336714935459106e-05,-4.6774593569247347e-03,4.8643519024788375e+00,
5.9380216304399571e-03,2.0920914735859859e-03,1.0000000000247189e+00,0.0000000000000000e+00,2.3795451935260115e-06,-2.2340095477412780e-03,7.3127524774355521e+00,
-3.2475578924520195e-02,8.6721396234483369e-03,1.0000160947961843e+00,0.0000000000000000e+00,3.1166944673388652e-03,3.6491265434688591e-01,-7.4792247219551307e+00,
-3.5959018601697056e-02,9.4068740602193876e-02,1.0074080361601709e+00,6.9499447807068092e-14,1.9540285504105182e+00,1.0221004506235440e+00,-5.0401422048231170e+00,
2.9665156075503257e-01,2.7167605579780246e-01,1.0166980102112260e+00,2.9853649901199883e-07,7.0938343458123656e+00,9.8735348793023237e-01,-2.5460616284762008e+00,
3.0258697753174180e-01,1.1003192255090551e-01,1.0004501615015302e+00,1.6982812464876128e-14,3.5486586646074514e-01,-6.8955159317205195e-02,5.2696772781295823e-02,
8.6633786011001718e-02,6.3648017353088310e-03,1.0000000005992109e+00,0.0000000000000000e+00,1.1672343444855682e-03,-3.3356916107584247e-02,2.4483645550929367e+00,
1.9808139140827557e-02,-2.0941737391306911e-03,1.0000000002709584e+00,0.0000000000000000e+00,1.1699966506933945e-05,-1.3011098253401007e-02,4.8749395361510217e+00,
6.4032911154273614e-03,-8.5501351905029261e-04,1.0000000001665528e+00,0.0000000000000000e+00,-1.2015394969325244e-05,-5.4737003092924057e-03,7.3168274024993254e+00,

