1
1
7
0
(32 0
((0,0) (15,15) (0,0))
((48,0) (63,15) (0,0))
((32,0) (47,15) (0,0))
((16,0) (31,15) (0,0))
((0,112) (15,127) (0,0))
((0,96) (15,111) (0,0))
((0,80) (15,95) (0,0))
((0,64) (15,79) (0,0))
((0,48) (15,63) (0,0))
((0,32) (15,47) (0,0))
((0,16) (15,31) (0,0))
((48,112) (63,127) (0,0))
((48,96) (63,111) (0,0))
((48,80) (63,95) (0,0))
((48,64) (63,79) (0,0))
((48,48) (63,63) (0,0))
((48,32) (63,47) (0,0))
((48,16) (63,31) (0,0))
((32,112) (47,127) (0,0))
((32,96) (47,111) (0,0))
((32,80) (47,95) (0,0))
((32,64) (47,79) (0,0))
((32,48) (47,63) (0,0))
((32,32) (47,47) (0,0))
((32,16) (47,31) (0,0))
((16,112) (31,127) (0,0))
((16,96) (31,111) (0,0))
((16,80) (31,95) (0,0))
((16,64) (31,79) (0,0))
((16,48) (31,63) (0,0))
((16,32) (31,47) (0,0))
((16,16) (31,31) (0,0))
)
32
FabOnDisk: Cell_D_00000 0
FabOnDisk: Cell_D_00000 14418
FabOnDisk: Cell_D_00000 28837
FabOnDisk: Cell_D_00000 43256
FabOnDisk: Cell_D_00003 0
FabOnDisk: Cell_D_00003 14421
FabOnDisk: Cell_D_00002 0
FabOnDisk: Cell_D_00002 14419
FabOnDisk: Cell_D_00001 0
FabOnDisk: Cell_D_00001 14419
FabOnDisk: Cell_D_00000 57675
FabOnDisk: Cell_D_00003 28841
FabOnDisk: Cell_D_00003 43263
FabOnDisk: Cell_D_00002 28838
FabOnDisk: Cell_D_00002 43258
FabOnDisk: Cell_D_00001 28838
FabOnDisk: Cell_D_00001 43258
FabOnDisk: Cell_D_00000 72094
FabOnDisk: Cell_D_00003 57684
FabOnDisk: Cell_D_00003 72106
FabOnDisk: Cell_D_00002 57678
FabOnDisk: Cell_D_00002 72098
FabOnDisk: Cell_D_00001 57678
FabOnDisk: Cell_D_00001 72098
FabOnDisk: Cell_D_00000 86514
FabOnDisk: Cell_D_00003 86527
FabOnDisk: Cell_D_00003 100949
FabOnDisk: Cell_D_00002 86518
FabOnDisk: Cell_D_00002 100938
FabOnDisk: Cell_D_00001 86518
FabOnDisk: Cell_D_00001 100938
FabOnDisk: Cell_D_00000 100934

32,7
1.7203125969234733e-04,-6.5170949113160142e-03,9.9999999870414258e-01,0.0000000000000000e+00,-5.0479933443327990e-04,-2.1792161939019793e-02,7.4902481773170901e+00,
5.9687367056560412e-05,3.6921130291614033e-05,9.9999999896555669e-01,0.0000000000000000e+00,-2.0342901656325574e-06,-3.4764649054562918e-03,7.4745546730787176e+00,
2.0064736573800822e-03,-1.1505263518417394e-03,9.9999999906669013e-01,0.0000000000000000e+00,-1.8115015307729881e-05,-9.0241174942060978e-03,7.4767499409555391e+00,
2.4961273725106581e-03,-4.6252098368108809e-03,9.9999999870594547e-01,0.0000000000000000e+00,-3.3536049799776091e-05,-1.5162115006209120e-02,7.4828397208018433e+00,
-8.1033942526754776e-02,-1.6484716993791296e-01,9.9999999882789148e-01,0.0000000000000000e+00,-1.0061242918145641e-02,1.3918665462238466e-01,-9.7456588435390543e+00,
-3.8875465379875856e-01,-1.1044861330859654e+00,1.0000303610502663e+00,-3.9818968675971474e-09,-7.5991697591535901e-03,3.5894568193519083e-01,-7.2922198083927743e+00,
-4.9298304466432147e-01,-1.7982391351070039e+00,1.0052505513241632e+00,-5.7906767241951325e-03,-2.3645727600274684e+00,-1.7539081338426858e+00,-4.9700100893676114e+00,
-2.1763812876466893e-03,-1.5082323367715906e+00,1.0000000047170876e+00,0.0000000000000000e+00,-1.5828637851386920e+00,-7.2374305097827198e+00,-3.0821854770768016e+00,
4.5131309009770592e-03,-5.5876409210896161e-01,9.9999998188117567e-01,-2.3939802637842401e-17,-1.3121439841764226e-01,-3.2463056615902470e+00,2.8860012376414834e-01,
9.3527987284810002e-04,-8.5542661313135884e-02,9.9999998986082073e-01,0.0000000000000000e+00,-8.6335122828504890e-03,-3.1005319675176352e-01,2.6510097177887308e+00,
2.9970677757321687e-04,-2.2609320878135147e-02,9.9999999719296995e-01,0.0000000000000000e+00,-1.2370957201984292e-03,-6.6294477023979587e-02,5.0555306002391580e+00,
-1.4555959435655564e-02,3.6016743659656570e-04,9.9999999986194343e-01,0.0000000000000000e+00,-3.2138998256291129e-06,3.9085287119509926e-04,-9.7608223511437426e+00,
-1.4630212462782302e-02,1.2854886050062212e-02,9.9999999982734755e-01,0.0000000000000000e+00,-1.9846668521644739e-05,3.4961257550776559e-04,-7.3116528161142043e+00,
-1.1128916718592443e-02,2.3898061029594332e-02,9.9999999984455590e-01,0.0000000000000000e+00,-2.4022992789016206e-04,-2.1268351296793719e-03,-4.8600551629083633e+00,
5.1466097403661822e-05,2.2163634967946166e-02,9.9999999986261212e-01,0.0000000000000000e+00,-2.2607347088074436e-04,-1.5620217792413960e-02,-2.3930163388287635e+00,
2.6810393401447194e-04,1.1113897277261029e-02,9.9999999983304200e-01,0.0000000000000000e+00,-4.5551746060730892e-06,-1.6155998973003627e-02,8.5897954616688352e-02,
1.6097485596394489e-04,4.3022849573994678e-03,9.9999999982541798e-01,0.0000000000000000e+00,-4.7616263672189334e-06,-1.2948407994701483e-02,2.5566620106328375e+00,
8.4664582365073538e-05,1.4355576617086066e-03,9.9999999983307020e-01,0.0000000000000000e+00,-3.5311603093822821e-06,-6.9538221685492424e-03,5.0189925731492924e+00,
-4.0845018901729369e-02,2.8331314398302769e-05,9.9999999908285164e-01,0.0000000000000000e+00,-5.8721015616612898e-06,1.9777985062606758e-02,-9.7609068203549327e+00,
-5.2176902598681837e-02,6.3234410901630159e-03,9.9999999994471467e-01,0.0000000000000000e+00,-1.0920975661854460e-05,1.7512072083782193e-02,-7.3156079095142434e+00,
-4.9463457215584906e-02,2.8550911369732163e-02,9.9999999994511257e-01,0.0000000000000000e+00,-2.6610000531848699e-03,-2.1258051704185210e-02,-4.8911309988599481e+00,
2.8086172197287936e-03,2.4086142583795715e-02,9.9999999993341127e-01,0.0000000000000000e+00,-2.4181114528071812e-03,-1.0061677114356715e-01,-2.4272158985605272e+00,
1.0936526672093988e-02,-6.5290973987009685e-04,9.9999999992911226e-01,0.0000000000000000e+00,8.9252190477562277e-05,-9.7640460709135457e-02,8.8544877881647749e-02,
5.9082120408407018e-03,-2.8149668701505700e-03,9.9999999994919875e-01,0.0000000000000000e+00,-3.3424093951767153e-05,-5.1483587239163547e-02,2.5623463780022111e+00,
2.9175002549316816e-03,-2.5589507406827208e-03,9.9999999996797539e-01,0.0000000000000000e+00,-3.4449977392596309e-05,-2.0942883727672210e-02,5.0229403906666761e+00,
-7.8677358933505831e-02,-4.9084997547881808e-02,9.9999999739637302e-01,0.0000000000000000e+00,-9.1249944275251238e-04,6.4163811932953826e-02,-9.7588221952425371e+00,
-2.7919522905961980e-01,-6.7323170620002967e-02,1.0000000006000853e+00,-9.2384461088803061e-14,5.8104004694772837e-04,9.0051198175688352e-02,-7.3155555630082176e+00,
-3.4638155415294158e-01,-1.7581079941537642e-02,1.0000000009225940e+00,-1.2836682584840030e-08,-4.6913636831716676e-02,-3.0748011435445566e-01,-4.9668378893372829e+00,
1.7733966152024102e-02,-8.0304748662649042e-02,9.9999999991893973e-01,-2.4644044549954441e-07,-5.8506841817549837e-02,-1.5964620997854335e+00,-2.8514690531714320e+00,
2.9041161348204642e-02,-8.3351759937829797e-02,9.9999999990848898e-01,0.0000000000000000e+00,-2.0945766654207887e-03,-7.3243499265166268e-01,1.1010414263995980e-01,
1.1557659895323836e-02,-4.1590898981084354e-02,9.9999999993505206e-01,0.0000000000000000e+00,-1.0449193124131284e-03,-1.5527532438076919e-01,2.5873518329075473e+00,
4.1088615398185624e-03,-1.4615250930264599e-02,9.9999999997444577e-01,0.0000000000000000e+00,-1.7535510569310908e-04,-4.2165646272301016e-02,5.0357682285651180e+00,

32,7
3.7401491683916798e-03,-1.3315771629988007e-04,1.0000000012248269e+00,0.0000000000000000e+00,1.4360949242252924e-04,-7.4416491970606818e-03,9.7856787174503364e+00,
2.6437416750426405e-03,2.0750555733318140e-03,1.0000000010759218e+00,0.0000000000000000e+00,1.3272049043900822e-06,-4.9834663576547346e-05,9.7743307503520942e+00,
4.5837462343409473e-03,1.2197340603134078e-03,1.0000000002261216e+00,0.0000000000000000e+00,7.9047494585399170e-07,-2.6952025157784311e-03,9.7784817850916070e+00,
4.7287506225625739e-03,-4.0244571130573420e-05,1.0000000005292096e+00,0.0000000000000000e+00,1.0103960138259718e-06,-6.3811851563440516e-03,9.7833412425168333e+00,
-3.2102436723354809e-03,-1.6026039658938835e-03,1.0010453991287007e+00,0.0000000000000000e+00,4.5236753890610770e-02,8.4033709243005861e-01,-7.4049604685270252e+00,
-1.2448797250921467e-02,-6.0050255674754874e-02,1.1178933933437374e+00,1.1936171970595294e-06,5.2928957580774654e+00,3.6317538439534416e+00,-4.9949332354062372e+00,
1.9458019372193550e-01,2.5236496631723759e-01,1.9990826147067864e+00,1.0000000152648347e+00,3.5999800437067819e+01,9.3139890775255854e+00,-2.9022233233577936e+00,
6.5862866561148559e-01,2.8503620602203161e-01,1.9999872518688333e+00,1.0000453850327631e+00,3.6532890361550976e+01,-5.3838932189339950e-01,6.1750046540115244e-01,
2.4971093906566155e-01,-4.8349618470791139e-02,1.0000004689140727e+00,1.3294209150204487e-08,1.8314074214816189e-01,-1.8013246433979102e-01,2.5612021436520158e+00,
3.9728124627381033e-02,-1.6481065083000779e-02,1.0000000004388538e+00,0.0000000000000000e+00,3.3769624004379994e-03,-4.0320644767357278e-02,4.9158768467116838e+00,
1.0503145450471291e-02,-5.2393762837604184e-03,1.0000000002124287e+00,0.0000000000000000e+00,6.1046392518483705e-04,-1.2874156432280931e-02,7.3412591911755030e+00,
-3.8775337420868933e-04,1.2154988667758548e-02,1.0000000004733898e+00,0.0000000000000000e+00,9.8400484659644238e-05,1.9241763793466204e-02,-7.4626868604769285e+00,
-2.8091750419220176e-04,2.7098081530444001e-02,1.0000000003665945e+00,0.0000000000000000e+00,1.0561531528019419e-04,1.9373315890966858e-02,-5.0075393294971029e+00,
1.5652468053666334e-03,3.4153774590235567e-02,1.0000000001952392e+00,0.0000000000000000e+00,1.5538886713322179e-05,1.4887644341114781e-02,-2.5423125309663335e+00,
1.1697235470197234e-02,3.3809454957997483e-02,1.0000000003881164e+00,0.0000000000000000e+00,5.8342406744571473e-05,-8.0015900385626421e-05,-6.6876235344129537e-02,
1.2139539350201720e-02,2.2970685437636463e-02,1.0000000005699263e+00,0.0000000000000000e+00,1.1141359960936681e-04,-2.9643171762079590e-04,2.4074260796720814e+00,
9.8092389701106841e-03,1.2386039314884037e-02,1.0000000006925414e+00,0.0000000000000000e+00,7.8659660424085232e-05,-1.5448674399074977e-04,4.8689073773853035e+00,
5.2857817797159748e-03,5.7164045573022213e-03,1.0000000007671406e+00,0.0000000000000000e+00,1.2739021969382369e-05,-7.3685582729656612e-05,7.3232245949392665e+00,
-1.4711746628373478e-02,1.2006218637567567e-02,1.0000000002597809e+00,0.0000000000000000e+00,4.7876312494635198e-04,8.0220012551646014e-02,-7.4649593000477950e+00,
-1.2830834738647132e-02,4.0460471625071673e-02,1.0000000064252279e+00,0.0000000000000000e+00,1.0715011933559726e-03,1.0364218414018123e-01,-5.0144963112655585e+00,
1.0412249192649643e-02,7.4452596790899286e-02,1.0000000065708476e+00,0.0000000000000000e+00,7.1496841024010216e-04,9.8961529793335501e-02,-2.5487092032250196e+00,
5.0554538889267628e-02,7.2240420344748590e-02,1.0000000002680922e+00,0.0000000000000000e+00,1.2825610372139140e-03,-3.8831392873948795e-03,-4.9950415279161359e-02,
4.9329724847619806e-02,2.4106627035699196e-02,1.0000000000086193e+00,0.0000000000000000e+00,1.2505483902823800e-03,-1.4741036462918855e-02,2.4312746543728836e+00,
2.6259565242509376e-02,1.0202483855692742e-02,1.0000000000087710e+00,0.0000000000000000e+00,1.6528037092486403e-04,-7.9369957145053877e-03,4.8817295860661538e+00,
1.0658005001398477e-02,3.7964068696487601e-03,1.0000000000246989e+00,0.0000000000000000e+00,1.2492982807574271e-05,-3.9182921982003488e-03,7.3293548621063387e+00,
-3.1683520360108589e-02,4.0576185604874367e-03,1.0000104163515713e+00,0.0000000000000000e+00,2.1981196741160947e-03,3.0356131220278204e-01,-7.4482313429399198e+00,
-4.4442113512780039e-02,4.4254067167503360e-02,1.0025901748910517e+00,4.4497628485224014e-15,8.1923047228490486e-01,1.0543540517323500e+00,-5.0455440604996609e+00,
1.1510792735396180e-01,4.0263178441966158e-01,1.0063271263867339e+00,1.9745049603231826e-06,1.0092311261710277e+01,1.3071871064766238e+00,-2.5903209887996481e+00,
4.1115746340176840e-01,3.9032238208401787e-01,1.0018092450968969e+00,4.9064714524988767e-07,8.0709318159959107e+00,-3.7457138077300223e-02,1.1035651014475492e-01,
1.9213116603526686e-01,2.1143472178532782e-02,1.0000000011789780e+00,0.0000000000000000e+00,7.5377060577395127e-03,-5.8729493507440549e-02,2.4970600867828670e+00,
4.0133002118586808e-02,-2.5709260410654057e-03,1.0000000002621821e+00,0.0000000000000000e+00,1.4418310989880445e-04,-2.3431559766262378e-02,4.9027416701998154e+00,
1.1923134815999100e-02,-1.4578745750787659e-03,1.0000000001882148e+00,0.0000000000000000e+00,-2.1088800220225856e-05,-9.8573500445457082e-03,7.3372090900743006e+00,

