1
1
5
0
(4 0
((32,16) (43,31) (0,0))
((32,32) (43,47) (0,0))
((44,16) (59,31) (0,0))
((44,32) (59,47) (0,0))
)
4
FabOnDisk: Cell_D_00002 0
FabOnDisk: Cell_D_00003 0
FabOnDisk: Cell_D_00000 0
FabOnDisk: Cell_D_00001 0

4,5
1.7931091393597803e-01,-8.3382107697685975e-02,9.9999999977803611e-01,-1.4072161913585875e-02,-2.2212658739895115e+01,
-3.3523168823650862e-02,-9.3469881315094594e-02,9.9999999966422293e-01,-6.6087646167886554e-03,-2.5854339564594353e-01,
2.9718687021871509e-01,-8.2144602698975680e-02,9.9999999977237908e-01,-4.1491142738706510e-04,-2.0842779507864108e+01,
-4.8803798297597671e-02,-9.4309794484457213e-02,9.9999999974613163e-01,-5.1968560032776336e-06,-3.1204552392082996e-01,

4,5
1.0405930208672582e+00,-2.5622152613077459e-03,1.0000000001190186e+00,1.0000001451123488e+00,1.2367394565511725e-02,
1.0235976357674599e+00,-6.6595021174102780e-03,1.0000000000995080e+00,1.0000005991233387e+00,2.2016952969611193e+01,
1.0019917067255368e+00,-3.4781075746632972e-03,1.0000000002350751e+00,1.0002922551802651e+00,-1.6199799074132071e-01,
1.0631492637891136e+00,1.2156226296427340e-02,1.0000000002049354e+00,1.0315503368758701e+00,2.3829735219302261e+01,

