1
1
5
0
(4 0
((0,0) (15,15) (0,0))
((0,16) (15,31) (0,0))
((16,0) (31,15) (0,0))
((16,16) (31,31) (0,0))
)
4
FabOnDisk: Cell_D_00000 0
FabOnDisk: Cell_D_00002 0
FabOnDisk: Cell_D_00001 0
FabOnDisk: Cell_D_00003 0

4,5
-1.0009602709740297e+00,4.8699767419921568e-03,1.0000000000000000e+00,0.0000000000000000e+00,-2.1324850378237844e+01,
-1.0009625360351615e+00,4.8452897443313214e-03,1.0000000000000000e+00,0.0000000000000000e+00,-3.1052119164465569e-01,
-1.0009602709740297e+00,-6.3497305515268165e-02,1.0000000000000000e+00,0.0000000000000000e+00,-2.1324850378237844e+01,
-1.0009625360351615e+00,-5.6993511391294882e-02,1.0000000000000000e+00,0.0000000000000000e+00,-3.1052119164465564e-01,

4,5
1.0006962338368355e+00,6.3497305515268276e-02,1.0000000000000000e+00,1.0000000000000000e+00,3.1050549418929890e-01,
1.0007010929104030e+00,5.6993511391294785e-02,1.0000000000000000e+00,1.0000000000000000e+00,2.1492775086295111e+01,
1.0006962338368355e+00,-4.8699767419920570e-03,1.0000000000000000e+00,1.0000000000000000e+00,3.1050549418929912e-01,
1.0007010929104030e+00,-4.8452897443315383e-03,1.0000000000000000e+00,1.0000000000000000e+00,2.1492775086295111e+01,

