1
1
7
0
(8 0
((0,164) (11,171) (0,0))
((12,164) (27,171) (0,0))
((0,204) (11,219) (0,0))
((0,188) (11,203) (0,0))
((0,172) (11,187) (0,0))
((12,204) (27,219) (0,0))
((12,188) (27,203) (0,0))
((12,172) (27,187) (0,0))
)
8
FabOnDisk: Cell_D_00003 0
FabOnDisk: Cell_D_00003 5461
FabOnDisk: Cell_D_00002 0
FabOnDisk: Cell_D_00001 0
FabOnDisk: Cell_D_00000 0
FabOnDisk: Cell_D_00002 10837
FabOnDisk: Cell_D_00001 10837
FabOnDisk: Cell_D_00000 10837

8,7
0.0000000000000000e+00,0.0000000000000000e+00,1.1221348319041233e+00,0.0000000000000000e+00,0.0000000000000000e+00,0.0000000000000000e+00,-3.0256803151458769e+00,
0.0000000000000000e+00,0.0000000000000000e+00,1.0019653910860837e+00,0.0000000000000000e+00,0.0000000000000000e+00,0.0000000000000000e+00,-3.1913734162868930e+00,
0.0000000000000000e+00,0.0000000000000000e+00,1.1221348319041233e+00,0.0000000000000000e+00,0.0000000000000000e+00,0.0000000000000000e+00,-7.4065339725493420e+00,
0.0000000000000000e+00,0.0000000000000000e+00,1.9875868128258503e+00,1.0000000000000000e+00,0.0000000000000000e+00,0.0000000000000000e+00,-6.0060049405859024e+00,
0.0000000000000000e+00,0.0000000000000000e+00,1.8003080107395713e+00,1.0000000000000000e+00,0.0000000000000000e+00,0.0000000000000000e+00,-4.5035294149735634e+00,
0.0000000000000000e+00,0.0000000000000000e+00,1.0019653910860837e+00,0.0000000000000000e+00,0.0000000000000000e+00,0.0000000000000000e+00,-7.3422910568457862e+00,
0.0000000000000000e+00,0.0000000000000000e+00,1.1221348319041233e+00,0.0000000000000000e+00,0.0000000000000000e+00,0.0000000000000000e+00,-6.0046765881634308e+00,
0.0000000000000000e+00,0.0000000000000000e+00,1.0218276718884223e+00,0.0000000000000000e+00,0.0000000000000000e+00,0.0000000000000000e+00,-4.5208166591212802e+00,

8,7
0.0000000000000000e+00,0.0000000000000000e+00,1.9158897218315194e+00,1.0000000000000000e+00,0.0000000000000000e+00,0.0000000000000000e+00,-2.4510801278195355e+00,
0.0000000000000000e+00,0.0000000000000000e+00,1.6781140604340612e+00,1.0000000000000000e+00,0.0000000000000000e+00,0.0000000000000000e+00,-2.5142356159434867e+00,
0.0000000000000000e+00,0.0000000000000000e+00,1.9978409797061474e+00,1.0000000000000000e+00,0.0000000000000000e+00,0.0000000000000000e+00,-6.0986487269726277e+00,
0.0000000000000000e+00,0.0000000000000000e+00,1.9999914412144695e+00,1.0000000000000000e+00,0.0000000000000000e+00,0.0000000000000000e+00,-4.5972049923542952e+00,
0.0000000000000000e+00,0.0000000000000000e+00,1.9999486936184043e+00,1.0000000000000000e+00,0.0000000000000000e+00,0.0000000000000000e+00,-3.1008806149453454e+00,
0.0000000000000000e+00,0.0000000000000000e+00,1.9761909489704201e+00,1.0000000000000000e+00,0.0000000000000000e+00,0.0000000000000000e+00,-6.0214403065955731e+00,
0.0000000000000000e+00,0.0000000000000000e+00,1.9978409797061474e+00,1.0000000000000000e+00,0.0000000000000000e+00,0.0000000000000000e+00,-4.5971710517235023e+00,
0.0000000000000000e+00,0.0000000000000000e+00,1.9968976909003975e+00,1.0000000000000000e+00,0.0000000000000000e+00,0.0000000000000000e+00,-3.1157118617077098e+00,

