NavierStokes-V1.1
7
x_velocity
y_velocity
density
tracer
mag_vort
diveru
avg_pressure
2
0.478617297017182
1
0 0 
1 2 
2 
((0,0) (63,127) (0,0)) ((0,0) (127,255) (0,0)) 
40 80 
0.015625 0.015625 
0.0078125 0.0078125 
1
0
0 32 0.478617297017182
40
0 0.25
0 0.25
0.75 1
0 0.25
0.5 0.75
0 0.25
0.25 0.5
0 0.25
0 0.25
1.75 2
0 0.25
1.5 1.75
0 0.25
1.25 1.5
0 0.25
1 1.25
0 0.25
0.75 1
0 0.25
0.5 0.75
0 0.25
0.25 0.5
0.75 1
1.75 2
0.75 1
1.5 1.75
0.75 1
1.25 1.5
0.75 1
1 1.25
0.75 1
0.75 1
0.75 1
0.5 0.75
0.75 1
0.25 0.5
0.5 0.75
1.75 2
0.5 0.75
1.5 1.75
0.5 0.75
1.25 1.5
0.5 0.75
1 1.25
0.5 0.75
0.75 1
0.5 0.75
0.5 0.75
0.5 0.75
0.25 0.5
0.25 0.5
1.75 2
0.25 0.5
1.5 1.75
0.25 0.5
1.25 1.5
0.25 0.5
1 1.25
0.25 0.5
0.75 1
0.25 0.5
0.5 0.75
0.25 0.5
0.25 0.5
Level_0/Cell
1 9 0.478617297017182
80
0 0.09375
0.96875 1.0625
0.1875 0.28125
0.96875 1.0625
0.09375 0.1875
0.96875 1.0625
0 0.09375
1.1875 1.3125
0 0.09375
1.0625 1.1875
0.1875 0.28125
1.1875 1.3125
0.1875 0.28125
1.0625 1.1875
0.09375 0.1875
1.1875 1.3125
0.09375 0.1875
1.0625 1.1875
Level_1/Cell
