1
1
5
0
(4 0
((0,16) (15,31) (0,0))
((48,16) (63,31) (0,0))
((0,32) (15,47) (0,0))
((48,32) (63,47) (0,0))
)
4
FabOnDisk: Cell_D_00002 0
FabOnDisk: Cell_D_00003 0
FabOnDisk: Cell_D_00000 0
FabOnDisk: Cell_D_00001 0

4,5
-2.3554021065190919e-01,1.1345515915142514e-02,9.9999999980692311e-01,-7.9063493236322443e-08,-1.9156217301401199e+01,
1.9691751681877737e-01,-1.5909873863146901e-01,9.9999999979748511e-01,-1.1776194870624160e-02,-1.8450975964388856e+01,
2.1908691426994709e-01,7.9201994733754527e-02,9.9999999970835884e-01,-2.7223304528898359e-04,-3.0882855629276973e-01,
-2.7775492083513814e-01,-2.1186115034666367e-01,9.9999999977877874e-01,-8.4954483804928257e-03,-3.0030767274487413e-01,

4,5
1.0118770630579912e+00,1.7447092146522331e-01,1.0000000002071632e+00,1.0180579281004736e+00,-8.6738005896802584e-02,
1.0069286535861128e+00,7.2853840829179034e-02,1.0000000002939329e+00,1.0076902837276309e+00,2.2588747311260704e-02,
1.0944693001741941e+00,2.2587916563176311e-01,1.0000000002021945e+00,1.0213313523723220e+00,2.0582287482624334e+01,
1.1363401273455942e+00,1.5017646459905171e-01,1.0000000001824703e+00,1.0000004129601168e+00,2.0996036811128640e+01,

