1
1
5
0
(4 0
((0,0) (15,15) (0,0))
((0,16) (15,31) (0,0))
((16,0) (31,15) (0,0))
((16,16) (31,31) (0,0))
)
4
FabOnDisk: Cell_D_00000 0
FabOnDisk: Cell_D_00002 0
FabOnDisk: Cell_D_00001 0
FabOnDisk: Cell_D_00003 0

4,5
-1.0844080422725779e+00,-8.6947021089725976e-02,9.9999999983768306e-01,-4.5517385467827259e-08,-1.8827279613056280e+01,
-1.1396638184074419e+00,-9.2221634916062223e-02,9.9999999973182219e-01,-1.0733402702579265e-04,-3.1052060022345129e-01,
-1.1248360296120046e+00,-2.2376485948602573e-01,9.9999999981174170e-01,-8.5923901207284482e-03,-1.8694845879969129e+01,
-1.1189221080163958e+00,-2.3324939762142502e-01,9.9999999979207688e-01,-3.7116905608032876e-03,-3.1905520641537866e-01,

4,5
1.1320149224047507e+00,2.1948531957114473e-01,1.0000000002017115e+00,1.0064863566099174e+00,3.1497402384180928e-01,
1.0846725722233410e+00,2.2368994533201209e-01,1.0000000001924061e+00,1.0161554231987233e+00,1.9705982700004082e+01,
1.1146231767336330e+00,1.2404108956465559e-01,1.0000000002737000e+00,1.0027757217588900e+00,3.1905665584310627e-01,
1.1275251123982371e+00,1.3869678451639461e-01,1.0000000002770346e+00,1.0000000002225304e+00,1.9322547272686961e+01,

