1
1
7
0
(9 0
((0,124) (11,135) (0,0))
((24,124) (35,135) (0,0))
((12,124) (23,135) (0,0))
((0,152) (11,167) (0,0))
((0,136) (11,151) (0,0))
((24,152) (35,167) (0,0))
((24,136) (35,151) (0,0))
((12,152) (23,167) (0,0))
((12,136) (23,151) (0,0))
)
9
FabOnDisk: Cell_D_00003 0
FabOnDisk: Cell_D_00001 0
FabOnDisk: Cell_D_00003 8149
FabOnDisk: Cell_D_00000 0
FabOnDisk: Cell_D_00001 8150
FabOnDisk: Cell_D_00000 10837
FabOnDisk: Cell_D_00002 0
FabOnDisk: Cell_D_00000 21675
FabOnDisk: Cell_D_00002 10838

9,7
-4.0509129576775153e-02,-1.3831153544194248e+00,1.0016679852600416e+00,1.3179800195539056e-03,-1.9438883065619699e+00,-1.7495174240948153e+01,-2.6270327561538009e-01,
2.9058461045832312e-01,-5.4644621140723793e-01,1.0000000005274312e+00,-1.8320005772286545e-22,-3.6283824567057366e-02,-4.1988628523883058e+00,-5.7954294546940799e-01,
1.2379366785436377e-01,-1.3379716773481762e+00,1.0000000213955669e+00,8.0146374951792136e-13,-7.1958493996717721e-02,-5.2954309574728740e+00,-4.1841949664083111e-01,
-1.9973332907909716e-01,-2.2199955538939697e+00,1.2456764954033817e+00,-4.0692529897248392e-03,-2.8044243649271241e+00,-5.6614727187960252e+00,-3.6764824040461210e+00,
1.1423939042746366e-02,-1.8971542212852535e+00,1.9246672598158616e+00,9.9997327025278826e-01,-3.0987901145516084e-02,-3.1178281582214873e+00,-2.5184381381742642e+00,
-6.1187988304245478e-01,-1.2798941137810087e+00,1.0000293141497645e+00,-1.1598038903762660e-06,5.0249900660014823e-01,-1.3065489633858931e+00,-3.8395903728023733e+00,
9.6894729480784633e-02,-1.2845546570148985e+00,1.0000001002222354e+00,-4.4263342131035597e-06,-3.3123828373682329e-03,-4.1533840228389423e+00,-3.0163711264949620e+00,
-5.5272984897235233e-01,-1.9544220789756963e+00,1.1612794834346647e+00,-3.1290408503142570e-03,4.4769228438503763e+00,-2.2847293362981258e+00,-3.8431345969742106e+00,
1.3573101117611577e-01,-1.7996952690686894e+00,1.8507350036742030e+00,9.7728453195676912e-01,1.3120448167388155e-01,-2.4685052079187493e+00,-2.9342598444112542e+00,

9,7
4.3318630882940101e-01,-8.3284337953879339e-01,1.9998675677050972e+00,1.0000000179089554e+00,1.8906087563273708e+01,2.0146866024645971e+00,1.1971199624403774e+00,
7.8166044356907005e-01,9.4816303783640199e-02,1.2994999359864368e+00,3.1462942225823076e-01,4.2636235195077631e+01,-1.0843703852581810e+00,6.8137885510063989e-01,
7.6735363950177571e-01,-3.1818634533596707e-01,1.9975227506036346e+00,1.0000100040610485e+00,4.2246187091072755e+01,-1.2493235558671092e+00,1.0319270973278538e+00,
2.0999015230543308e-01,-1.8147346015965775e+00,1.8962875290968393e+00,9.9996018782303886e-01,1.0479003666109136e+01,3.4916156541732349e+01,-2.4723046423608150e+00,
2.2463166722191863e-01,-1.3662534487565963e+00,1.9999879817738151e+00,1.0000000104581201e+00,2.9744069990454260e+00,-9.7914585780024388e-01,-3.4202365885473868e-01,
2.5008754820837142e-01,5.4430022359524388e-01,1.8026417883561925e+00,9.9995434163797214e-01,5.2553459227135178e+01,3.4250518088535351e+00,-2.5413204865357018e+00,
7.7255538015325897e-01,5.4317107975531820e-01,1.9460446766448132e+00,9.9999967373105270e-01,5.4208732193558909e+01,-1.8754101032622295e-01,-5.8159534881195563e-01,
2.8439983726342927e-01,-8.2701006659253473e-01,1.8689126527000626e+00,9.9991630582611091e-01,2.6553086533638126e+01,2.9832357158888065e+00,-2.6842968729549304e+00,
4.0476474729562251e-01,-9.3363236945557859e-01,1.9993208472395627e+00,1.0000190744754018e+00,3.3721273242569396e+01,-1.3553920877036294e+00,-4.1264606260850517e-01,

