1
1
5
0
(6 0
((8,20) (43,27) (0,0))
((8,28) (23,55) (0,0))
((24,28) (43,39) (0,0))
((24,40) (39,43) (0,0))
((24,44) (27,51) (0,0))
((28,44) (35,47) (0,0))
)
6
FabOnDisk: Cell_D_00002 0
FabOnDisk: Cell_D_00003 0
FabOnDisk: Cell_D_00000 0
FabOnDisk: Cell_D_00001 0
FabOnDisk: Cell_D_00001 2644
FabOnDisk: Cell_D_00001 4008

6,5
-2.4575269541736002e-03,-7.5556238291033440e-01,9.9999999958359120e-01,-1.5773095779639482e-02,-1.5191096112806459e+01,
-5.8881645697123541e-01,1.6067329650208573e-01,9.9999999952149221e-01,-1.8622908168556069e-02,-4.6367874309002257e+00,
5.7698132173549532e-01,-5.7906877658715683e-01,9.9999999958300656e-01,1.0155622888538182e-06,-4.3307543249420206e+00,
1.6401677032277828e-01,-4.6770262269952367e-01,9.9999999964677899e-01,1.5307576833067289e-07,-2.4961861143493369e-01,
-2.4349653183502387e-01,-1.5082206585904513e-02,9.9999999955637775e-01,-1.3528408305990002e-06,5.4030179620748964e-02,
-1.6202638798085953e-01,-2.2497218742398883e-01,9.9999999976398291e-01,2.1587007428661112e-08,8.9646493178224773e-01,

6,5
1.1872828013318391e+00,6.0513063038064785e-01,1.0000000002994749e+00,1.0233253614908993e+00,-1.0319186775395650e-01,
1.0973186506443087e+00,8.1204810791319260e-01,1.0000000004968608e+00,1.0053632959176009e+00,1.0241179491046752e+01,
1.1670807748010252e+00,1.7674477095937824e-01,1.0000000002748086e+00,1.0096566180833715e+00,8.8691237252168253e+00,
6.6639504387022863e-01,1.1824303028638297e-01,1.0000000001499991e+00,1.0085264788512067e+00,9.8333403202329759e+00,
4.9451631777956656e-01,2.4824371857541461e-01,1.0000000000160865e+00,1.0015823611319370e+00,1.0491526365123120e+01,
4.8194001862243313e-01,-1.1525297505716823e-02,1.0000000000552847e+00,1.0000853409963273e+00,1.1103510969884313e+01,

