1
1
5
0
(4 0
((0,0) (15,15) (0,0))
((0,16) (15,31) (0,0))
((16,0) (31,15) (0,0))
((16,16) (31,31) (0,0))
)
4
FabOnDisk: Cell_D_00000 0
FabOnDisk: Cell_D_00002 0
FabOnDisk: Cell_D_00001 0
FabOnDisk: Cell_D_00003 0

4,5
-1.1417085575798023e+00,-2.3459034691293279e-01,9.9999999958761454e-01,-9.5269614242280594e-03,-1.7582003012807245e+01,
-1.2050874117833337e+00,-2.1311789436864148e-01,9.9999999956590779e-01,-7.0163990468338879e-03,-3.5086197711807454e-01,
-1.1952722551830424e+00,-7.8104639068867554e-01,9.9999999959660346e-01,-4.1903795105004546e-03,-1.7825185803808040e+01,
-1.1934088157370770e+00,-8.1108210029735639e-01,9.9999999963889608e-01,-3.6425249155334613e-05,-3.1474741738414247e-01,

4,5
1.1844072251699520e+00,7.7281083569042808e-01,1.0000000004862091e+00,1.0052293913204420e+00,3.3949162666765620e-01,
1.1638583155789621e+00,8.1175759085242494e-01,1.0000000004905272e+00,1.0032110551916955e+00,1.7894105486786955e+01,
1.1663581862495409e+00,2.9544762542806952e-01,1.0000000004756879e+00,1.0200935500365507e+00,4.3809961373723993e-01,
1.2050738200285052e+00,3.0572811547580886e-01,1.0000000004164933e+00,1.0057843653069363e+00,1.8188806333416970e+01,

